comp100260_c0_seq1	scaffold10970	81.50	200	29	4	1	198	12879	13072	3e-47	183
comp100776_c0_seq1	scaffold26337	77.78	261	56	2	1	260	146724	146983	3e-53	203
comp100776_c0_seq1	scaffold26337	77.19	263	53	5	1	260	96838	96580	6e-49	188
comp100907_c0_seq1	scaffold4463	80.83	193	36	1	171	363	59417	59608	2e-45	178
comp100927_c0_seq1	scaffold9504	82.04	167	30	0	245	411	19623	19789	3e-42	167
comp101066_c0_seq1	scaffold45727	79.31	261	35	6	37	287	1157	906	2e-57	217
comp101331_c0_seq1	scaffold45727	78.77	212	22	6	5	205	900	701	1e-44	174
comp101573_c0_seq1	scaffold32578	98.34	422	6	1	1	422	55507	55927	0.0	726
comp101587_c0_seq1	scaffold4463	80.45	220	40	3	84	302	95553	95770	6e-50	192
comp101838_c0_seq1	scaffold26337	79.58	191	16	4	1	182	254	78	4e-44	172
comp101917_c0_seq1	scaffold5354	74.18	275	53	5	1	262	23112	23381	2e-43	170
comp103000_c0_seq1	scaffold59644	98.31	118	2	0	105	222	2781	2664	7e-54	205
comp103510_c0_seq1	scaffold15463	77.02	322	70	4	3	322	67951	68270	2e-62	233
comp103510_c0_seq1	scaffold15463	76.51	315	71	3	3	316	68030	68342	1e-59	224
comp103510_c0_seq1	scaffold15463	76.32	321	72	4	3	321	67990	68308	4e-59	223
comp103510_c0_seq1	scaffold15463	73.67	319	80	4	3	320	68108	68423	3e-47	183
comp103510_c0_seq1	scaffold15463	73.42	316	78	3	10	322	68529	68841	3e-47	183
comp103510_c0_seq1	scaffold15463	73.63	311	79	3	8	317	68566	68874	1e-46	181
comp103510_c0_seq1	scaffold15463	77.92	240	49	4	79	316	67949	68186	4e-46	179
comp103510_c0_seq1	scaffold15463	73.19	317	81	4	7	322	68189	68502	2e-44	174
comp103863_c0_seq1	scaffold71773	80.28	213	28	4	1	208	21091	21294	1e-49	190
comp103908_c1_seq1	scaffold15463	74.80	254	36	2	14	258	75684	75450	2e-48	187
comp103992_c0_seq1	scaffold9504	73.86	306	44	6	126	422	55744	55466	2e-51	197
comp104122_c0_seq1	scaffold30278	79.81	213	36	4	1	207	30773	30562	3e-46	179
comp104122_c0_seq2	scaffold30278	78.19	243	44	5	22	256	30803	30562	8e-48	185
comp104420_c0_seq1	scaffold4463	77.64	246	52	3	39	282	41612	41368	9e-48	185
comp104420_c0_seq1	scaffold4463	75.40	252	59	2	34	282	79449	79198	7e-43	168
comp104846_c0_seq1	scaffold15463	78.01	282	35	6	1	265	30182	30453	3e-60	226
comp105570_c0_seq1	scaffold30278	79.48	229	37	3	150	368	30800	30572	3e-51	197
comp105754_c0_seq1	scaffold71773	75.79	285	38	6	1	284	31046	30792	1e-53	205
comp106307_c0_seq1	scaffold27692	84.69	209	19	3	5	201	71696	71903	5e-62	232
comp106310_c0_seq1	scaffold9504	88.76	169	19	0	112	280	55030	55198	5e-58	219
comp106313_c0_seq1	scaffold71773	80.18	217	33	5	5	214	35433	35646	6e-48	185
comp106426_c1_seq1	scaffold15463	87.72	171	20	1	32	201	80432	80602	1e-55	210
comp106473_c0_seq1	scaffold27692	78.57	378	38	5	46	381	52007	52383	4e-92	333
comp106473_c0_seq2	scaffold27692	77.40	385	44	5	83	425	52000	52383	9e-88	318
comp106521_c1_seq1	scaffold71773	99.73	367	1	0	1	367	44013	44379	0.0	657
comp106521_c1_seq1	scaffold71773	72.10	362	86	9	13	367	52010	52363	2e-43	170
comp106521_c1_seq2	scaffold71773	99.23	261	2	0	173	433	44119	44379	3e-131	462
comp106521_c1_seq2	scaffold71773	69.68	442	116	7	1	433	51931	52363	2e-45	178
comp106521_c1_seq2	scaffold71773	70.18	436	120	9	3	433	52017	52447	1e-42	168
comp106521_c1_seq2	scaffold71773	69.34	437	124	6	2	433	34433	34864	4e-42	167
comp106521_c1_seq2	scaffold71773	70.41	392	110	5	45	433	51555	51943	4e-42	167
comp106612_c0_seq1	scaffold19489	76.99	239	30	6	1	221	22862	23093	3e-46	179
comp106756_c0_seq1	scaffold71773	73.33	300	59	7	1	284	55866	56160	7e-43	168
comp106934_c0_seq1	scaffold15463	79.04	229	37	5	11	230	81911	82137	7e-48	185
comp107042_c0_seq1	scaffold27692	83.87	310	45	4	61	367	35057	34750	2e-88	320
comp107243_c0_seq1	scaffold34940	82.58	264	30	7	1	252	86693	86952	7e-68	251
comp107316_c0_seq2	scaffold71773	80.31	193	34	2	161	349	42538	42346	7e-44	172
comp107329_c0_seq1	scaffold20302	80.27	223	34	5	77	290	85153	85374	3e-49	190
comp107628_c0_seq1	scaffold27692	86.47	207	18	2	1	204	34848	35047	7e-67	248
comp107675_c0_seq1	scaffold26337	82.18	174	30	1	36	209	55246	55418	2e-43	170
comp107829_c0_seq1	scaffold59644	74.78	341	67	7	96	432	25792	26117	3e-56	214
comp107859_c1_seq1	scaffold59644	74.71	261	59	4	12	270	70195	69940	9e-41	161
comp107899_c0_seq1	scaffold15463	75.20	254	49	2	200	439	27161	27414	3e-45	178
comp108163_c0_seq1	scaffold4463	80.75	187	36	0	5	191	42311	42497	5e-45	176
comp108369_c0_seq1	scaffold15463	83.54	237	39	0	1	237	48255	48491	6e-68	251
comp108369_c0_seq2	scaffold15463	83.82	204	27	3	1	201	48259	48459	4e-56	212
comp108598_c0_seq1	scaffold30278	78.28	198	35	2	1	190	61243	61440	1e-40	161
comp108668_c0_seq1	scaffold32578	78.57	210	41	2	1	210	78692	78897	3e-43	170
comp108732_c0_seq1	scaffold18558	72.96	307	65	6	299	598	35187	35482	2e-42	168
comp108802_c0_seq1	scaffold26960	79.72	212	33	4	107	310	64165	64374	8e-46	179
comp108978_c1_seq1	scaffold9504	81.71	175	29	2	1	174	19628	19800	9e-42	165
comp108981_c1_seq1	scaffold45727	81.62	234	42	1	3	236	63039	62807	8e-60	224
comp109130_c0_seq1	scaffold26337	72.71	469	92	13	180	637	133834	133391	9e-65	242
comp109139_c0_seq1	scaffold71773	97.35	791	8	1	1	791	12356	11579	0.0	1339
comp109427_c1_seq1	scaffold4463	82.50	240	37	3	1	239	6204	6439	4e-63	235
comp109611_c0_seq1	scaffold26960	99.54	652	2	1	1	652	51614	50964	0.0	1159
comp109757_c0_seq1	scaffold10970	75.13	378	72	8	34	391	31922	32297	7e-65	242
comp109844_c0_seq1	scaffold34940	81.48	189	18	6	46	230	38809	38634	4e-44	172
comp109904_c0_seq1	scaffold5354	80.74	244	47	0	1	244	29812	29569	7e-61	228
comp109964_c0_seq1	scaffold4463	76.21	269	38	6	142	403	16695	16446	3e-50	194
comp109985_c0_seq1	scaffold5354	89.02	264	29	0	1	264	27239	27502	4e-96	345
comp110094_c0_seq1	scaffold71773	85.36	239	22	8	2	236	41772	41543	2e-67	250
comp110094_c0_seq2	scaffold71773	80.75	213	21	6	2	202	41747	41543	1e-49	190
comp110155_c0_seq1	scaffold26337	78.12	256	49	4	3	255	96591	96842	1e-51	197
comp110356_c0_seq1	scaffold15463	86.19	210	20	2	2	206	31555	31350	6e-67	248
comp110929_c0_seq1	scaffold15463	84.42	199	27	2	7	204	29989	30184	1e-56	214
comp110982_c0_seq3	scaffold59644	72.70	304	59	5	2	296	4487	4199	2e-44	174
comp110982_c0_seq4	scaffold59644	74.56	401	71	8	2	392	4487	4108	9e-69	255
comp111092_c0_seq1	scaffold59644	80.30	198	24	6	10	203	15044	15230	5e-43	168
comp111159_c0_seq1	scaffold34940	80.11	181	25	3	92	271	38877	38707	9e-41	161
comp111159_c0_seq2	scaffold34940	80.33	183	25	3	43	224	38879	38707	6e-42	165
comp111306_c0_seq1	scaffold4463	78.47	209	41	2	169	374	75629	75836	9e-43	168
comp111425_c0_seq1	scaffold10970	83.60	189	20	4	34	221	90619	90441	1e-50	194
comp111506_c0_seq1	scaffold71773	76.61	218	46	1	1	213	56062	56279	2e-41	163
comp111672_c1_seq1	scaffold20302	82.68	485	58	10	31	497	31921	32397	6e-135	475
comp111804_c0_seq1	scaffold71773	79.59	196	37	3	3	197	20988	21181	2e-41	163
comp111843_c0_seq1	scaffold59644	81.63	343	48	4	1	340	56440	56770	1e-91	331
comp111891_c0_seq1	scaffold18558	98.64	295	3	1	1	295	43810	44103	5e-146	511
comp111891_c1_seq1	scaffold18558	100.00	213	0	0	209	421	43600	43388	7e-108	385
comp111945_c0_seq1	scaffold19489	76.10	272	46	6	1	260	86660	86924	6e-49	188
comp112069_c0_seq1	scaffold71773	99.53	212	1	0	1	212	33598	33809	5e-106	378
comp112069_c1_seq1	scaffold71773	99.27	274	2	0	1	274	33127	33400	2e-138	486
comp112154_c0_seq1	scaffold30278	84.57	162	20	3	3	162	61283	61441	2e-43	170
comp112178_c1_seq1	scaffold71773	77.63	219	34	2	1	219	69806	69603	3e-46	179
comp112242_c0_seq1	scaffold31723	78.00	250	34	3	1	237	73509	73268	7e-55	208
comp112651_c0_seq1	scaffold59644	80.77	208	37	3	1	206	10266	10060	6e-48	185
comp112651_c0_seq1	scaffold59644	81.34	209	31	6	3	206	10430	10225	7e-47	181
comp112729_c0_seq1	scaffold59644	76.10	251	34	8	21	268	3898	3671	2e-43	170
comp112736_c1_seq1	scaffold4463	82.13	235	39	2	84	315	95550	95784	9e-61	228
comp112736_c1_seq1	scaffold4463	81.35	193	33	2	124	313	75842	75650	4e-46	179
comp112925_c1_seq1	scaffold71773	78.10	315	48	6	1	299	69866	69557	3e-67	250
comp112925_c1_seq1	scaffold71773	85.53	152	17	1	87	238	36768	36622	5e-45	176
comp113056_c0_seq1	scaffold27692	78.97	271	37	6	168	422	34732	34998	5e-59	223
comp113262_c0_seq1	scaffold11875	77.59	290	57	6	2	288	40844	40560	3e-55	210
comp113262_c0_seq1	scaffold11875	77.43	226	45	3	64	288	66041	66261	3e-43	170
comp113539_c0_seq1	scaffold3071	81.11	217	39	1	1	215	59742	59958	8e-54	205
comp113583_c0_seq1	scaffold27692	78.38	259	49	5	37	291	5612	5357	5e-52	199
comp113660_c0_seq1	scaffold71773	75.91	274	61	4	68	340	21448	21179	4e-47	183
comp113660_c0_seq2	scaffold71773	75.91	274	61	4	94	366	21448	21179	4e-47	183
comp113660_c0_seq3	scaffold71773	75.91	274	61	4	126	398	21448	21179	4e-47	183
comp113712_c0_seq1	scaffold26337	73.33	285	37	6	1	256	27958	27684	3e-46	179
comp113712_c0_seq2	scaffold26337	76.37	237	28	5	1	219	27958	27732	1e-45	178
comp113950_c0_seq1	scaffold71773	86.70	218	28	1	1	217	15578	15361	4e-70	259
comp114022_c0_seq1	scaffold4463	82.29	192	29	4	27	213	52660	52851	3e-46	179
comp114022_c0_seq1	scaffold4463	80.20	202	35	4	17	213	41613	41412	2e-43	170
comp114022_c0_seq1	scaffold4463	78.87	213	38	4	8	213	79454	79242	2e-43	170
comp114280_c0_seq1	scaffold30278	77.24	268	52	4	1	260	30537	30803	4e-52	199
comp114560_c1_seq3	scaffold71773	76.74	288	54	5	10	284	56233	55946	3e-54	206
comp114605_c0_seq1	scaffold15463	74.71	261	55	4	572	831	80057	79807	3e-41	165
comp114693_c0_seq1	scaffold59644	76.31	249	38	8	1	232	55203	55447	2e-42	167
comp114722_c0_seq2	scaffold11875	79.48	229	39	2	67	294	69285	69064	5e-52	199
comp114814_c1_seq1	scaffold71773	79.59	196	37	2	586	778	31113	30918	7e-42	167
comp114930_c0_seq1	scaffold71773	76.25	299	52	8	1	295	8030	8313	1e-52	201
comp115093_c0_seq1	scaffold5354	83.94	218	31	2	2	219	3602	3389	2e-61	230
comp115099_c0_seq1	scaffold4463	82.39	176	28	2	1	173	77947	77772	4e-44	172
comp115109_c0_seq1	scaffold9504	82.30	322	27	5	1	299	69164	68850	3e-91	329
comp115263_c0_seq1	scaffold5354	79.27	275	42	5	1	275	23351	23092	2e-61	230
comp115263_c0_seq2	scaffold5354	78.89	199	29	4	25	223	23277	23092	2e-41	163
comp115480_c0_seq1	scaffold71773	72.30	343	77	9	47	381	8022	8354	3e-42	167
comp115482_c0_seq1	scaffold20302	80.31	325	40	5	12	320	233	549	2e-81	297
comp115482_c0_seq2	scaffold20302	76.41	373	41	10	178	514	188	549	4e-74	273
comp115513_c0_seq1	scaffold26337	75.69	288	51	8	5	289	67365	67094	1e-47	185
comp115585_c0_seq1	scaffold71773	81.58	190	35	0	6	195	8175	8364	6e-48	185
comp115694_c0_seq1	scaffold27692	79.40	267	51	4	1	265	74215	73951	4e-58	219
comp115694_c0_seq1	scaffold27692	78.65	267	54	3	1	265	73602	73337	2e-56	214
comp115694_c0_seq1	scaffold27692	78.28	267	47	5	1	265	74060	73803	7e-55	208
comp115694_c0_seq1	scaffold27692	77.21	272	52	4	1	265	74258	73990	3e-53	203
comp115694_c0_seq1	scaffold27692	77.53	267	57	3	1	265	74177	73912	1e-52	201
comp115694_c0_seq1	scaffold27692	77.36	265	57	3	1	263	73563	73300	1e-51	197
comp115694_c0_seq1	scaffold27692	77.15	267	44	6	1	265	73446	73195	4e-51	196
comp115694_c0_seq1	scaffold27692	77.15	267	58	3	1	265	73719	73454	4e-51	196
comp115694_c0_seq1	scaffold27692	79.06	234	46	3	34	265	75023	74791	2e-49	190
comp115694_c0_seq1	scaffold27692	77.24	268	54	6	1	265	74900	74637	7e-49	188
comp115694_c0_seq1	scaffold27692	77.73	247	44	5	1	245	73982	73745	8e-48	185
comp115694_c0_seq1	scaffold27692	76.23	265	58	4	1	263	73795	73534	1e-46	181
comp115694_c0_seq1	scaffold27692	75.76	264	54	4	1	263	73485	73231	3e-46	179
comp115694_c0_seq1	scaffold27692	78.07	228	48	2	1	226	74138	73911	3e-46	179
comp115694_c0_seq1	scaffold27692	75.95	262	60	3	6	265	73636	73376	1e-45	178
comp115694_c0_seq1	scaffold27692	77.12	236	42	6	36	263	74262	74031	2e-42	167
comp115694_c0_seq1	scaffold27692	75.39	256	60	3	1	255	74978	74725	2e-42	167
comp115694_c0_seq1	scaffold27692	75.29	263	59	5	1	261	73872	73614	7e-42	165
comp115736_c0_seq1	scaffold71773	81.03	253	43	3	1	252	69905	69657	6e-62	232
comp115_c0_seq1	scaffold20302	94.09	186	10	1	20	205	65108	64924	3e-77	282
comp116128_c0_seq2	scaffold71773	80.37	219	31	4	1	217	21010	21218	1e-50	194
comp116167_c0_seq1	scaffold10970	76.35	241	41	4	1	225	13040	12800	3e-44	174
comp116185_c0_seq1	scaffold15463	77.97	295	53	6	1	292	79832	80117	4e-59	223
comp116185_c0_seq1	scaffold15463	76.98	252	48	4	61	307	79563	79809	1e-47	185
comp116185_c0_seq2	scaffold15463	76.12	356	70	7	1	350	79771	80117	2e-64	241
comp116185_c0_seq2	scaffold15463	76.98	252	48	4	119	365	79563	79809	1e-47	185
comp116206_c0_seq1	scaffold71773	75.00	348	56	5	1	340	41649	41973	2e-64	241
comp116206_c0_seq2	scaffold71773	78.24	216	25	4	1	202	41649	41856	3e-46	179
comp116251_c0_seq1	scaffold45727	81.25	224	31	2	3	215	71627	71850	4e-57	215
comp116280_c1_seq3	scaffold71773	84.85	165	22	2	1	164	87386	87548	4e-46	179
comp116301_c0_seq1	scaffold31723	77.97	286	43	6	1	279	73123	73395	3e-59	223
comp116388_c0_seq1	scaffold15463	83.08	201	33	1	88	287	27417	27217	3e-54	206
comp116441_c0_seq2	scaffold71773	74.43	309	72	3	1	305	28727	29032	2e-50	194
comp116441_c0_seq2	scaffold71773	72.10	319	60	6	1	305	8408	8105	2e-44	174
comp116494_c0_seq1	scaffold9504	90.59	202	17	1	1	202	64042	64241	1e-75	277
comp116510_c0_seq1	scaffold15463	89.14	221	15	1	3	214	66295	66075	5e-81	295
comp116510_c0_seq2	scaffold15463	84.64	306	27	2	1	305	66313	66027	4e-97	349
comp116553_c0_seq1	scaffold71773	78.72	188	27	1	7	181	23960	24147	2e-42	167
comp116679_c0_seq1	scaffold32578	89.10	211	23	0	1	211	76925	77135	1e-75	277
comp116679_c0_seq2	scaffold32578	88.63	211	24	0	1	211	76925	77135	2e-74	273
comp116689_c0_seq3	scaffold15463	79.86	288	40	7	11	289	38115	37837	4e-65	242
comp116763_c0_seq2	scaffold11875	80.29	274	44	5	3	268	25488	25759	1e-63	237
comp116818_c0_seq1	scaffold19489	87.77	139	16	1	549	687	81570	81433	5e-43	170
comp116877_c0_seq1	scaffold26960	73.94	284	48	6	2	270	52833	52561	4e-45	176
comp116982_c0_seq1	scaffold3071	78.66	253	37	6	70	316	62405	62646	1e-52	201
comp116982_c0_seq2	scaffold3071	78.66	253	37	6	126	372	62405	62646	2e-52	201
comp116983_c0_seq1	scaffold59644	84.83	178	20	2	1	171	73501	73324	1e-51	197
comp117026_c0_seq1	scaffold5354	79.26	188	33	1	112	293	71255	71068	8e-42	165
comp117043_c0_seq1	scaffold4463	80.68	176	26	2	136	303	35581	35756	6e-41	163
comp117173_c0_seq1	scaffold27692	91.29	425	35	2	1	424	40450	40027	3e-170	592
comp117173_c0_seq2	scaffold27692	91.74	339	27	1	20	358	40364	40027	3e-137	482
comp117264_c0_seq1	scaffold10970	70.11	609	114	17	2	556	65543	64949	8e-71	262
comp117297_c1_seq1	scaffold4463	85.00	180	23	3	1	178	3668	3845	2e-50	194
comp117303_c0_seq1	scaffold15463	86.39	169	23	0	45	213	27412	27244	2e-52	201
comp117303_c0_seq2	scaffold15463	83.41	211	33	2	45	253	27412	27202	5e-57	215
comp117641_c0_seq1	scaffold71773	99.29	140	1	0	1	140	17204	17065	8e-67	248
comp117641_c0_seq1	scaffold71773	100.00	130	0	0	138	267	15786	15657	5e-63	235
comp117641_c1_seq1	scaffold71773	99.46	186	1	0	88	273	13814	13999	9e-92	331
comp117641_c1_seq1	scaffold71773	100.00	92	0	0	1	92	13234	13325	2e-42	167
comp117679_c0_seq1	scaffold10970	78.89	270	41	2	1	255	65568	65300	5e-63	235
comp117679_c1_seq1	scaffold10970	85.35	157	21	1	81	237	65264	65110	1e-45	178
comp117679_c1_seq3	scaffold10970	85.35	157	21	1	86	242	65264	65110	1e-45	178
comp117926_c0_seq1	scaffold10970	82.86	175	27	2	803	977	12793	12964	6e-44	174
comp117926_c0_seq2	scaffold10970	82.86	175	27	2	508	682	12793	12964	4e-44	174
comp118028_c0_seq1	scaffold20302	73.26	344	84	7	410	746	5770	6112	3e-46	181
comp118090_c1_seq2	scaffold59644	74.82	278	48	6	24	282	10380	10106	4e-46	179
comp118090_c1_seq2	scaffold59644	75.67	263	51	5	22	282	14835	14584	4e-45	176
comp118172_c0_seq1	scaffold59644	84.62	260	37	3	1	259	56398	56655	5e-76	279
comp118216_c0_seq1	scaffold15463	86.78	174	23	0	1	174	74519	74692	2e-55	210
comp118243_c1_seq1	scaffold10970	85.71	210	22	1	18	219	64103	63894	2e-66	246
comp118628_c0_seq1	scaffold18558	78.08	260	50	2	1	254	64614	64356	5e-55	210
comp118628_c0_seq1	scaffold18558	78.23	248	46	5	11	254	61601	61844	1e-48	188
comp118628_c0_seq1	scaffold18558	76.73	245	50	2	1	239	33075	33318	6e-47	183
comp118629_c0_seq1	scaffold10970	77.99	209	39	1	1	202	13008	12800	4e-44	172
comp118629_c0_seq2	scaffold10970	77.44	266	51	2	1	257	13065	12800	7e-55	208
comp118643_c0_seq1	scaffold9504	80.81	172	19	2	86	253	55690	55529	8e-42	165
comp118643_c0_seq3	scaffold9504	80.81	172	19	2	433	600	55690	55529	2e-41	165
comp118716_c0_seq1	scaffold71773	77.83	221	48	1	285	505	2048	1829	3e-44	174
comp118716_c0_seq2	scaffold71773	77.83	221	48	1	263	483	2048	1829	3e-44	174
comp118768_c1_seq1	scaffold32578	79.20	226	32	5	4	224	46858	47073	2e-48	187
comp118786_c1_seq1	scaffold59644	75.74	235	31	4	3	211	10480	10714	4e-44	172
comp118831_c0_seq2	scaffold20302	78.07	228	39	4	70	286	20608	20835	1e-45	178
comp118853_c0_seq1	scaffold27692	80.83	193	31	2	1	187	39284	39476	1e-45	178
comp119168_c0_seq1	scaffold59644	76.47	255	33	6	1	242	10755	10995	2e-48	187
comp119168_c0_seq2	scaffold59644	77.10	262	34	6	1	255	10755	10997	4e-52	199
comp119225_c0_seq1	scaffold3071	78.92	223	47	0	119	341	31597	31819	3e-49	190
comp119570_c1_seq1	scaffold4463	81.43	210	35	4	136	343	95807	95600	9e-49	188
comp119570_c1_seq1	scaffold4463	79.80	203	41	0	141	343	75630	75832	1e-46	181
comp119635_c0_seq1	scaffold5354	84.52	155	23	1	1	154	60583	60429	9e-43	168
comp119685_c0_seq1	scaffold26337	82.52	246	37	2	1	242	27758	28001	3e-66	246
comp119691_c0_seq1	scaffold20302	85.38	212	31	0	1	212	5909	6120	3e-65	242
comp119691_c0_seq1	scaffold20302	81.76	170	30	1	44	212	1176	1007	2e-41	163
comp119691_c1_seq1	scaffold4463	79.46	224	29	5	3	211	7695	7916	1e-49	190
comp119707_c0_seq1	scaffold26337	92.23	412	17	2	1	411	107345	106948	1e-173	603
comp119711_c1_seq2	scaffold34940	83.33	156	25	1	98	252	86268	86423	9e-41	161
comp119721_c2_seq1	scaffold71773	76.92	247	47	5	1	238	41659	41904	4e-45	176
comp119764_c1_seq1	scaffold27692	82.17	258	39	3	1	251	78421	78678	6e-68	251
comp119764_c1_seq1	scaffold27692	81.08	259	39	3	3	251	79404	79662	3e-65	242
comp119764_c1_seq1	scaffold27692	80.08	256	43	4	3	251	79985	80239	1e-58	221
comp119764_c1_seq1	scaffold27692	83.03	218	35	2	10	225	77936	78153	4e-58	219
comp119764_c1_seq1	scaffold27692	82.73	220	32	3	3	217	78567	78785	1e-57	217
comp119764_c1_seq1	scaffold27692	86.41	184	20	2	3	181	79547	79730	4e-57	215
comp119764_c1_seq1	scaffold27692	87.13	171	21	1	3	172	79086	79256	2e-54	206
comp119764_c1_seq1	scaffold27692	78.03	264	45	5	1	251	78271	78534	8e-54	205
comp119764_c1_seq1	scaffold27692	82.35	187	32	1	3	188	78073	78259	8e-48	185
comp119764_c1_seq1	scaffold27692	76.56	256	40	6	3	251	78711	78953	3e-47	183
comp119764_c1_seq1	scaffold27692	77.68	224	49	1	3	225	80128	80351	4e-45	176
comp119764_c1_seq1	scaffold27692	76.50	234	39	5	25	251	78973	79197	2e-42	167
comp119764_c1_seq1	scaffold27692	84.87	152	22	1	22	172	80472	80623	2e-42	167
comp119764_c1_seq1	scaffold27692	75.11	229	37	3	29	251	77826	78040	9e-41	161
comp119764_c1_seq2	scaffold27692	79.64	280	47	4	3	275	79404	79680	4e-64	239
comp119764_c1_seq2	scaffold27692	78.99	276	53	3	1	273	78421	78694	8e-61	228
comp119764_c1_seq2	scaffold27692	78.07	269	54	3	10	275	77936	78202	2e-55	210
comp119764_c1_seq2	scaffold27692	85.48	186	20	4	3	182	79547	79731	3e-53	203
comp119764_c1_seq2	scaffold27692	88.12	160	18	1	3	161	79086	79245	4e-52	199
comp119764_c1_seq2	scaffold27692	77.34	278	53	6	3	275	79985	80257	4e-52	199
comp119764_c1_seq2	scaffold27692	77.19	285	48	10	1	273	78271	78550	6e-50	192
comp119764_c1_seq2	scaffold27692	77.52	258	45	6	3	250	78567	78821	7e-49	188
comp119764_c1_seq2	scaffold27692	83.15	178	29	1	3	179	78073	78250	3e-47	183
comp119764_c1_seq2	scaffold27692	75.18	278	59	7	3	275	80128	80400	6e-43	168
comp119764_c1_seq2	scaffold27692	83.77	154	24	1	22	174	80472	80625	9e-41	161
comp119788_c2_seq1	scaffold26337	80.69	202	37	2	1	202	141328	141129	7e-47	181
comp119788_c2_seq1	scaffold26337	79.31	203	40	2	1	202	123661	123460	1e-43	170
comp119807_c0_seq1	scaffold71773	80.50	200	36	3	51	247	15584	15385	1e-44	174
comp119894_c0_seq1	scaffold10970	77.33	247	43	6	81	319	89829	89588	2e-45	178
comp120027_c0_seq1	scaffold71773	80.30	269	49	4	30	297	8071	8336	7e-62	232
comp120027_c0_seq1	scaffold71773	76.66	287	49	6	17	297	29086	28812	1e-53	205
comp120205_c0_seq1	scaffold4463	84.81	237	28	4	1	231	3690	3924	5e-69	255
comp120211_c0_seq1	scaffold71773	75.09	285	48	9	1	268	8300	8022	2e-44	174
comp120227_c1_seq1	scaffold27692	83.95	162	18	3	152	309	39944	39787	8e-43	168
comp120227_c1_seq2	scaffold27692	81.87	171	23	3	56	222	39953	39787	2e-41	163
comp120304_c0_seq1	scaffold10970	82.83	233	17	5	1	216	56502	56276	3e-64	239
comp120304_c0_seq2	scaffold10970	74.40	332	41	5	1	298	56684	56363	2e-62	233
comp120355_c1_seq1	scaffold26337	84.08	157	23	2	1	157	26637	26483	4e-41	163
comp120399_c0_seq1	scaffold4463	79.78	277	48	6	1	271	6468	6194	8e-61	228
comp120423_c0_seq1	scaffold10970	77.51	249	34	8	186	418	12787	13029	2e-46	181
comp120452_c0_seq1	scaffold4463	76.36	258	39	8	1	236	30345	30088	1e-44	174
comp120456_c0_seq1	scaffold4463	84.72	229	33	1	6	232	8051	7823	2e-68	253
comp120456_c0_seq1	scaffold4463	85.89	163	23	0	1	163	35590	35752	2e-49	190
comp120663_c0_seq1	scaffold15463	95.02	201	10	0	16	216	65536	65736	4e-88	318
comp120741_c0_seq1	scaffold59644	76.09	322	49	8	95	402	56701	56394	1e-58	223
comp120768_c0_seq2	scaffold5354	77.98	277	51	4	81	356	3256	3523	6e-57	215
comp120768_c0_seq2	scaffold5354	76.19	252	48	4	105	354	548	307	2e-45	178
comp120768_c0_seq3	scaffold5354	79.11	292	51	4	374	664	3241	3523	9e-65	242
comp120768_c0_seq3	scaffold5354	75.09	293	56	5	372	662	584	307	1e-49	192
comp120768_c0_seq4	scaffold5354	79.11	292	51	4	37	327	3241	3523	4e-65	242
comp120768_c0_seq4	scaffold5354	75.17	294	56	5	34	325	585	307	2e-50	194
comp120777_c2_seq1	scaffold20302	72.49	567	106	14	468	996	85149	85703	2e-82	302
comp120830_c0_seq2	scaffold15463	78.10	210	36	3	83	288	45908	45705	6e-42	167
comp120830_c0_seq3	scaffold15463	78.72	235	40	3	1	231	45933	45705	4e-50	194
comp120869_c1_seq1	scaffold59644	82.52	206	31	4	1	204	55403	55201	3e-51	196
comp120896_c0_seq1	scaffold10970	85.99	207	28	1	149	354	32369	32163	7e-64	239
comp120896_c0_seq1	scaffold10970	79.23	207	34	3	152	352	6434	6231	2e-44	174
comp120939_c0_seq1	scaffold18558	82.63	167	23	3	73	235	14179	14015	4e-41	163
comp120939_c0_seq2	scaffold18558	74.48	337	34	7	824	1109	14350	14015	3e-62	235
comp120939_c0_seq3	scaffold18558	74.48	337	34	7	233	518	14350	14015	1e-62	235
comp121105_c0_seq1	scaffold4463	77.06	231	46	2	1	225	95784	95555	1e-44	176
comp121105_c0_seq1	scaffold4463	80.21	192	37	1	3	194	75650	75840	1e-43	172
comp121105_c0_seq2	scaffold4463	80.21	192	37	1	3	194	75650	75840	6e-44	172
comp121166_c0_seq1	scaffold27692	84.82	191	19	1	1	191	5427	5607	6e-58	219
comp121203_c1_seq1	scaffold34940	85.71	203	25	1	1	203	40971	41169	4e-63	235
comp121341_c1_seq1	scaffold30278	75.68	329	57	7	78	384	81362	81035	6e-59	223
comp121362_c0_seq1	scaffold15463	82.25	169	28	1	70	236	80484	80652	2e-42	167
comp121423_c0_seq1	scaffold26337	79.39	228	42	3	3	226	15784	16010	3e-49	190
comp121551_c0_seq2	scaffold10970	75.82	306	47	8	154	451	89793	90079	6e-54	206
comp121642_c1_seq2	scaffold10970	81.48	189	31	3	1	188	12816	13001	2e-44	174
comp121651_c0_seq1	scaffold32578	76.43	280	55	5	15	293	23046	22777	5e-51	196
comp121690_c0_seq1	scaffold27692	74.45	274	48	8	192	460	5335	5591	5e-41	163
comp121765_c0_seq1	scaffold10970	75.42	240	36	4	537	763	12800	13029	5e-43	170
comp121891_c0_seq2	scaffold71773	70.98	379	86	6	394	761	70046	69681	8e-47	183
comp121891_c0_seq3	scaffold26337	82.21	163	29	0	197	359	27925	27763	7e-41	163
comp121891_c0_seq4	scaffold71773	74.14	290	55	6	1	289	69951	69681	5e-45	176
comp122022_c0_seq1	scaffold26337	80.00	195	29	3	1	186	146774	146581	4e-44	172
comp122119_c1_seq1	scaffold20302	73.48	313	61	9	88	388	10873	10571	3e-43	170
comp122164_c0_seq1	scaffold20302	83.72	172	19	4	114	280	55431	55264	2e-44	174
comp122172_c2_seq1	scaffold26337	78.34	217	46	1	19	234	100776	100560	4e-45	176
comp122216_c1_seq1	scaffold34940	76.79	237	39	7	1	227	45857	46087	5e-41	163
comp122472_c0_seq1	scaffold11875	77.91	258	54	3	153	408	2769	3025	2e-51	197
comp122512_c0_seq1	scaffold32578	82.72	191	32	1	241	431	44264	44075	9e-50	192
comp122524_c1_seq1	scaffold11875	74.73	273	49	6	1	256	40857	40588	5e-44	172
comp122649_c2_seq1	scaffold15463	79.07	215	31	5	6	220	40178	40378	4e-45	176
comp122658_c0_seq1	scaffold10970	78.25	570	103	11	137	698	66169	65613	6e-124	439
comp122714_c0_seq1	scaffold5354	79.41	204	34	5	5	206	23138	23335	2e-41	163
comp122945_c0_seq1	scaffold31723	89.23	520	39	4	1	510	44743	44231	0.0	682
comp122945_c0_seq2	scaffold31723	89.37	461	32	4	181	631	44684	44231	5e-175	609
comp122952_c0_seq1	scaffold4463	79.41	204	39	3	779	980	11664	11462	2e-42	168
comp123003_c0_seq2	scaffold15463	84.74	321	38	3	1	316	78085	77771	2e-98	354
comp123003_c0_seq2	scaffold15463	75.00	296	45	3	315	607	77354	77085	4e-56	214
comp123052_c0_seq2	scaffold26337	71.32	387	76	10	7	362	140952	141334	2e-47	185
comp123121_c0_seq1	scaffold10970	77.35	565	84	10	83	637	54995	55525	2e-123	437
comp123121_c0_seq2	scaffold10970	75.67	522	76	11	83	580	54995	55489	1e-101	365
comp123291_c0_seq1	scaffold26337	78.77	212	41	3	174	382	141018	141228	3e-43	170
comp123339_c0_seq1	scaffold26337	80.17	237	40	3	1	230	28004	27768	7e-55	208
comp123344_c1_seq1	scaffold10970	81.42	183	32	1	1	181	12980	12798	1e-44	174
comp123452_c0_seq1	scaffold10970	75.42	301	54	5	2	290	51733	51441	9e-54	205
comp123458_c0_seq2	scaffold3071	83.83	167	21	4	1	164	5568	5405	3e-42	167
comp123458_c0_seq4	scaffold3071	79.58	191	19	4	43	230	5578	5405	1e-42	168
comp123470_c2_seq1	scaffold4463	74.90	259	41	6	1	249	13010	12766	6e-43	168
comp123577_c0_seq1	scaffold71773	89.38	160	16	1	1	159	15544	15385	2e-54	208
comp123582_c0_seq1	scaffold4463	75.09	281	57	6	450	725	41337	41609	2e-44	176
comp123595_c0_seq1	scaffold10970	79.70	202	26	6	421	622	41890	41704	5e-42	167
comp123595_c0_seq2	scaffold10970	79.70	202	26	6	487	688	41890	41704	6e-42	167
comp123610_c1_seq1	scaffold19489	76.53	294	54	8	2	292	42470	42751	1e-51	197
comp123633_c0_seq1	scaffold32578	73.72	392	73	3	335	717	39664	40034	4e-69	257
comp123651_c0_seq1	scaffold9504	82.88	222	16	3	1	200	60449	60670	4e-63	235
comp123677_c2_seq1	scaffold30278	80.38	260	43	4	2	254	72981	72723	7e-61	228
comp123695_c0_seq1	scaffold71773	83.83	167	23	1	1	163	66616	66450	4e-46	179
comp123877_c0_seq1	scaffold19489	82.20	427	45	9	1	425	21722	22119	5e-117	416
comp123941_c0_seq1	scaffold45727	81.01	179	32	2	92	268	1015	1193	3e-41	163
comp123964_c0_seq2	scaffold11875	78.40	250	50	4	2	248	40610	40858	1e-50	194
comp123964_c0_seq3	scaffold11875	80.21	192	34	4	31	219	40668	40858	7e-41	161
comp124043_c1_seq1	scaffold18558	93.18	132	5	1	111	242	3721	3594	1e-51	197
comp124065_c0_seq2	scaffold20302	87.94	141	17	0	1	141	10704	10564	2e-45	178
comp124065_c0_seq2	scaffold20302	86.76	136	18	0	6	141	10511	10376	1e-41	165
comp124405_c0_seq1	scaffold19489	78.90	237	32	8	10	242	29630	29852	3e-47	183
comp124406_c0_seq1	scaffold71773	86.60	209	27	1	1	209	42416	42209	6e-67	248
comp124406_c0_seq1	scaffold71773	80.33	183	36	0	38	220	42547	42365	5e-43	168
comp124497_c0_seq1	scaffold3071	80.83	266	33	6	1	250	33306	33043	4e-64	239
comp124525_c1_seq1	scaffold19489	74.16	329	70	9	23	344	86616	86936	4e-47	183
comp124542_c0_seq1	scaffold71773	82.19	247	27	4	90	319	70046	69800	1e-65	244
comp124542_c0_seq2	scaffold26337	75.32	235	32	5	1	210	27803	27570	2e-41	163
comp124542_c0_seq3	scaffold71773	84.55	220	17	4	34	236	70046	69827	1e-64	241
comp124593_c0_seq1	scaffold27692	81.13	212	39	1	299	510	76433	76643	7e-52	199
comp124593_c0_seq2	scaffold27692	81.13	212	39	1	345	556	76433	76643	8e-52	199
comp124593_c0_seq3	scaffold27692	81.13	212	39	1	145	356	76433	76643	5e-52	199
comp124682_c0_seq1	scaffold4463	86.49	148	16	3	3	150	12917	13060	5e-42	167
comp124703_c0_seq1	scaffold15463	87.18	273	34	1	1	272	53000	53272	9e-92	331
comp124703_c0_seq2	scaffold15463	82.47	251	35	4	42	289	52402	52646	1e-65	244
comp124703_c0_seq3	scaffold15463	80.48	251	30	5	23	260	52402	52646	3e-60	226
comp124703_c0_seq4	scaffold15463	83.81	315	42	4	23	334	52402	52710	7e-91	329
comp124703_c0_seq4	scaffold15463	86.08	237	15	2	340	568	52779	53005	7e-78	286
comp124703_c0_seq5	scaffold15463	87.94	257	30	1	23	278	53016	53272	2e-88	320
comp124865_c0_seq1	scaffold20302	84.65	215	24	4	1	206	6039	5825	2e-61	230
comp124865_c0_seq2	scaffold20302	84.46	193	21	4	80	263	6017	5825	3e-53	203
comp124871_c2_seq1	scaffold34940	78.24	239	46	5	51	288	37990	37757	4e-46	179
comp124915_c0_seq1	scaffold71773	83.78	222	32	2	26	247	35704	35487	2e-62	233
comp124985_c0_seq1	scaffold4463	80.66	212	37	1	1	208	42469	42258	1e-51	197
comp124985_c0_seq2	scaffold30278	80.98	184	28	3	53	229	30542	30725	2e-42	167
comp125000_c0_seq1	scaffold34940	92.13	127	9	1	93	219	26754	26629	8e-47	181
comp125032_c0_seq1	scaffold4463	88.18	203	22	1	10	212	20604	20404	4e-69	255
comp125032_c0_seq2	scaffold4463	87.50	216	27	0	5	220	20552	20337	7e-73	268
comp125044_c0_seq1	scaffold15463	84.98	233	26	3	217	446	81504	81278	3e-69	257
comp125187_c0_seq2	scaffold27692	82.33	232	37	3	44	272	5327	5557	9e-60	224
comp125198_c0_seq1	scaffold26337	78.44	218	40	4	1	217	146660	146871	2e-43	170
comp125198_c0_seq2	scaffold26337	78.24	239	44	5	1	237	146660	146892	2e-46	181
comp125211_c0_seq1	scaffold71773	71.73	329	65	7	70	392	21010	21316	9e-43	168
comp125245_c0_seq1	scaffold4463	78.47	209	44	1	2	209	52725	52933	2e-43	170
comp125279_c0_seq1	scaffold59644	76.35	241	48	4	57	291	46156	45919	9e-43	168
comp125334_c0_seq1	scaffold71773	77.73	229	43	5	24	249	63629	63406	1e-42	168
comp125335_c0_seq4	scaffold30278	78.40	213	44	2	5	216	91602	91391	3e-43	170
comp125403_c1_seq1	scaffold27692	86.01	143	17	2	61	202	5403	5543	7e-41	161
comp125421_c0_seq1	scaffold32578	89.97	289	20	3	1	287	43527	43808	5e-108	385
comp125509_c0_seq1	scaffold59644	81.42	183	30	3	145	326	63397	63576	3e-42	167
comp125529_c1_seq1	scaffold4463	88.37	129	15	0	167	295	41613	41485	8e-42	165
comp125529_c1_seq1	scaffold4463	86.76	136	18	0	159	294	52641	52776	8e-42	165
comp125608_c0_seq10	scaffold19489	79.22	231	44	3	34	263	68281	68508	2e-49	190
comp125667_c1_seq3	scaffold45727	68.48	809	173	23	8	786	91975	92731	5e-76	280
comp125797_c1_seq1	scaffold15463	85.90	156	20	2	1	155	27260	27414	6e-45	176
comp125867_c0_seq1	scaffold34940	93.24	148	10	0	175	322	5152	5299	4e-59	223
comp125891_c0_seq1	scaffold10970	79.25	241	42	5	2	237	50834	50597	1e-50	194
comp125891_c0_seq2	scaffold10970	80.00	205	34	2	16	219	50449	50251	3e-47	183
comp125891_c0_seq3	scaffold10970	79.50	600	92	12	2	586	50834	50251	6e-143	502
comp125920_c1_seq1	scaffold9504	76.52	230	35	5	44	258	106134	105909	4e-42	167
comp125920_c1_seq2	scaffold9504	76.52	230	35	5	44	258	106134	105909	4e-42	167
comp125927_c2_seq2	scaffold59644	74.81	258	43	6	2	256	10865	10627	7e-42	165
comp125941_c0_seq2	scaffold9504	85.29	272	34	3	1	266	79062	79333	9e-83	302
comp125941_c0_seq3	scaffold9504	83.59	262	32	4	1	251	79062	79323	7e-74	271
comp126042_c0_seq1	scaffold15463	79.46	224	37	4	1	216	81631	81853	2e-48	187
comp126250_c1_seq1	scaffold71773	76.99	339	36	6	1	319	41446	41762	1e-73	271
comp126250_c1_seq2	scaffold71773	83.49	218	24	4	1	215	41554	41762	1e-59	224
comp126250_c2_seq1	scaffold71773	78.80	316	34	6	1	295	41547	41850	8e-74	271
comp126282_c1_seq1	scaffold10970	89.58	259	13	5	1	257	12248	12494	2e-93	336
comp126282_c1_seq2	scaffold10970	91.56	225	16	3	1	223	11999	12222	2e-85	309
comp126339_c0_seq1	scaffold27692	80.31	193	33	2	3	190	39427	39235	9e-44	172
comp126401_c0_seq1	scaffold10970	81.61	174	30	2	128	300	12787	12959	3e-41	163
comp126417_c0_seq1	scaffold5354	78.76	259	46	3	1	253	29622	29877	5e-56	214
comp126417_c0_seq4	scaffold5354	78.76	259	46	3	1	253	29622	29877	3e-56	214
comp126447_c0_seq1	scaffold45727	81.56	179	28	3	192	369	71585	71759	1e-41	165
comp126489_c0_seq1	scaffold26337	76.12	268	47	4	343	608	15725	15977	1e-49	192
comp126546_c1_seq1	scaffold26337	83.99	306	45	3	39	342	113586	113889	6e-89	322
comp126672_c0_seq1	scaffold20302	78.26	230	36	7	1	218	58253	58480	4e-43	170
comp126716_c1_seq1	scaffold26337	83.14	172	28	1	469	640	15747	15917	1e-44	176
comp126716_c1_seq2	scaffold26337	83.14	172	28	1	496	667	15747	15917	1e-44	176
comp126716_c1_seq3	scaffold26337	83.14	172	28	1	499	670	15747	15917	1e-44	176
comp126716_c1_seq4	scaffold26337	83.14	172	28	1	472	643	15747	15917	1e-44	176
comp126843_c2_seq1	scaffold3071	79.53	215	36	3	1	214	71885	72092	2e-47	183
comp126889_c2_seq1	scaffold4463	83.17	404	53	5	755	1144	77759	78161	5e-116	414
comp126889_c2_seq1	scaffold4463	83.96	187	25	3	1150	1336	78226	78407	9e-50	194
comp126889_c2_seq4	scaffold19489	86.18	217	25	2	1	216	43169	43381	8e-68	251
comp126889_c2_seq5	scaffold4463	83.17	404	53	5	761	1150	77759	78161	5e-116	414
comp126889_c2_seq5	scaffold4463	83.96	187	25	3	1156	1342	78226	78407	9e-50	194
comp126949_c0_seq1	scaffold11875	89.69	194	20	0	10	203	67093	67286	9e-71	260
comp126949_c0_seq2	scaffold11875	82.05	312	49	2	12	316	67092	67403	1e-84	307
comp127042_c0_seq2	scaffold9504	80.39	255	39	2	270	514	77433	77180	2e-62	235
comp127042_c0_seq3	scaffold9504	80.39	255	39	2	270	514	77433	77180	2e-62	235
comp127042_c0_seq4	scaffold9504	76.05	451	82	8	270	702	77433	76991	2e-86	315
comp127042_c0_seq5	scaffold9504	77.24	457	86	8	382	830	77437	76991	7e-93	336
comp127051_c0_seq1	scaffold26337	72.46	483	99	10	271	729	59868	60340	5e-69	257
comp127101_c0_seq1	scaffold4463	74.04	285	58	6	2	270	7739	8023	7e-43	168
comp127255_c0_seq1	scaffold71773	85.29	170	25	0	530	699	66628	66459	4e-50	194
comp127337_c1_seq1	scaffold20302	79.28	333	48	8	123	449	86025	85708	4e-74	273
comp127371_c1_seq1	scaffold4463	73.17	287	52	6	884	1156	64839	64564	2e-41	167
comp127378_c0_seq1	scaffold15463	84.33	434	61	2	1	433	16421	15994	2e-134	473
comp127378_c0_seq2	scaffold15463	84.95	206	31	0	1	206	16199	15994	5e-62	232
comp127378_c0_seq3	scaffold15463	82.94	428	61	3	1	416	16421	15994	1e-124	441
comp127383_c0_seq1	scaffold19489	79.69	256	37	6	1	254	79018	79260	3e-56	214
comp127383_c1_seq1	scaffold19489	86.52	319	39	4	1	318	79032	78717	3e-102	367
comp127391_c0_seq1	scaffold4463	81.54	195	34	1	327	519	7682	7876	5e-48	187
comp127410_c0_seq1	scaffold34940	75.83	240	29	5	1	233	37689	37906	4e-45	176
comp127414_c0_seq1	scaffold71773	70.50	444	124	5	3	443	51849	52288	3e-50	194
comp127414_c0_seq1	scaffold71773	69.11	505	134	8	1	494	51930	52423	1e-49	192
comp127414_c0_seq1	scaffold71773	69.49	449	129	4	51	495	51560	52004	2e-46	181
comp127446_c0_seq1	scaffold71773	72.33	412	76	14	1	381	55876	56280	3e-52	201
comp127446_c0_seq1	scaffold71773	70.66	409	94	12	8	403	21053	21448	6e-42	167
comp127450_c0_seq1	scaffold71773	76.53	375	64	12	2	367	8368	8009	3e-66	248
comp127455_c3_seq1	scaffold71773	75.65	382	56	9	18	381	41908	41546	5e-71	262
comp127487_c0_seq1	scaffold20302	73.53	340	68	6	130	449	85852	85515	2e-52	201
comp127510_c0_seq2	scaffold20302	68.75	512	108	15	1	475	85963	85467	2e-46	181
comp127510_c1_seq1	scaffold20302	76.25	240	41	3	4	230	85679	85915	2e-45	178
comp127577_c0_seq1	scaffold18558	84.36	243	29	1	1	243	16796	17029	7e-74	271
comp127625_c0_seq2	scaffold4463	72.47	316	60	7	801	1098	15132	15438	8e-43	170
comp127639_c2_seq1	scaffold15463	83.20	244	40	1	33	276	27148	27390	8e-68	251
comp127667_c0_seq1	scaffold15463	88.67	150	12	2	1	145	82112	82261	2e-49	190
comp127674_c0_seq1	scaffold59644	78.92	204	28	4	25	216	10132	9932	5e-43	170
comp127683_c0_seq1	scaffold30278	81.25	176	32	1	80	254	85970	86145	1e-41	165
comp127770_c2_seq1	scaffold15463	73.62	326	56	9	21	331	40379	40069	4e-48	187
comp127892_c1_seq1	scaffold4463	84.85	165	22	2	421	582	35537	35701	8e-46	179
comp127892_c1_seq2	scaffold20302	85.28	163	21	2	380	539	935	1097	7e-46	179
comp127896_c0_seq1	scaffold26337	86.21	203	27	1	1	203	60009	60210	1e-63	237
comp127901_c0_seq1	scaffold26337	79.28	222	33	5	324	544	122431	122222	6e-47	183
comp127924_c0_seq2	scaffold4463	81.52	211	26	6	262	472	78055	78252	3e-49	190
comp127951_c0_seq1	scaffold10970	82.39	176	29	2	1	174	12957	12782	4e-43	170
comp128014_c0_seq1	scaffold9504	83.54	164	20	3	1	158	2239	2077	4e-42	167
comp128022_c0_seq1	scaffold10970	86.22	370	25	4	1	356	92617	92260	3e-125	443
comp128022_c0_seq2	scaffold10970	82.38	244	27	3	56	299	92490	92263	9e-67	248
comp128022_c0_seq3	scaffold10970	78.99	338	36	4	1	333	92567	92260	2e-83	304
comp128022_c0_seq4	scaffold10970	75.97	283	33	4	1	278	92567	92315	2e-57	217
comp128151_c0_seq1	scaffold4463	80.37	219	36	3	201	415	95553	95768	3e-50	194
comp128206_c0_seq1	scaffold15463	80.29	279	37	5	1	264	80113	79838	3e-67	250
comp128220_c1_seq1	scaffold4463	83.64	165	23	2	188	350	14367	14529	2e-42	170
comp128295_c0_seq3	scaffold9504	75.79	252	48	5	284	527	101436	101682	3e-42	168
comp128388_c0_seq1	scaffold5354	75.56	356	66	4	4	359	29577	29911	1e-67	251
comp128388_c0_seq2	scaffold5354	73.90	433	73	4	16	428	29499	29911	5e-79	289
comp128432_c0_seq1	scaffold4463	78.68	258	50	5	224	478	52929	52674	7e-52	199
comp128432_c0_seq1	scaffold4463	78.24	239	44	3	250	487	41365	41596	4e-49	190
comp128432_c0_seq1	scaffold4463	76.82	220	49	1	270	487	79209	79428	1e-41	165
comp128432_c0_seq2	scaffold4463	77.34	278	58	5	235	509	52929	52654	9e-52	199
comp128432_c0_seq2	scaffold4463	76.89	251	51	2	261	510	41365	41609	2e-48	188
comp128432_c0_seq2	scaffold4463	73.79	290	51	8	227	510	38959	38689	5e-42	167
comp128432_c0_seq4	scaffold4463	78.68	258	50	5	62	316	52929	52674	5e-52	199
comp128432_c0_seq4	scaffold4463	78.24	239	44	3	88	325	41365	41596	2e-49	190
comp128432_c0_seq4	scaffold4463	73.76	282	61	4	51	325	79153	79428	8e-43	168
comp128432_c0_seq4	scaffold4463	74.11	282	47	9	50	325	38963	38702	3e-41	163
comp128445_c1_seq1	scaffold71773	78.83	392	70	4	1	389	30756	31137	2e-90	327
comp128482_c0_seq1	scaffold71773	99.20	628	5	0	1	628	45751	45124	0.0	1110
comp128482_c0_seq1	scaffold71773	68.53	502	146	8	134	626	52522	52024	2e-42	168
comp128487_c0_seq1	scaffold9504	75.97	283	58	4	163	437	77433	77153	8e-51	196
comp128513_c0_seq3	scaffold32578	80.33	183	34	1	9	189	49043	49225	9e-41	165
comp128513_c0_seq4	scaffold32578	80.33	183	34	1	9	189	49043	49225	2e-41	165
comp128513_c0_seq5	scaffold32578	80.33	183	34	1	9	189	49043	49225	2e-41	165
comp128517_c1_seq1	scaffold45727	73.75	381	71	10	1	364	81038	80670	2e-57	217
comp128517_c1_seq2	scaffold45727	72.65	373	64	7	1	339	81038	80670	6e-57	215
comp128527_c0_seq1	scaffold10970	76.51	281	28	7	1	261	33035	33297	6e-56	212
comp128527_c1_seq1	scaffold10970	78.86	317	44	9	2	312	33685	33386	3e-67	250
comp128537_c0_seq1	scaffold4463	89.57	163	15	2	46	206	22371	22209	2e-55	210
comp128549_c0_seq1	scaffold19489	72.58	445	101	12	2	438	86930	86499	5e-57	217
comp128554_c0_seq1	scaffold59644	79.83	238	30	5	1	236	56769	56548	2e-54	206
comp128614_c0_seq1	scaffold4463	77.83	221	31	5	157	361	64572	64790	7e-44	172
comp128640_c2_seq1	scaffold5354	76.73	275	43	10	1	267	23389	23128	1e-46	181
comp128652_c0_seq1	scaffold31723	74.73	281	49	6	318	585	13860	14131	1e-45	179
comp128681_c1_seq1	scaffold27692	81.11	180	34	0	140	319	3313	3134	6e-44	172
comp128736_c0_seq1	scaffold71773	83.43	175	23	2	2195	2363	60223	60397	9e-46	181
comp128736_c0_seq1	scaffold71773	79.00	200	22	5	2176	2363	63407	63598	2e-41	167
comp128773_c1_seq2	scaffold59644	73.00	300	64	5	27	319	10152	10441	1e-42	168
comp128773_c1_seq2	scaffold59644	77.78	207	42	1	30	236	10321	10523	2e-41	165
comp128773_c1_seq3	scaffold71773	81.58	190	28	1	27	209	42543	42354	2e-48	187
comp128836_c0_seq1	scaffold3071	86.71	143	16	1	1	143	33295	33434	2e-43	170
comp128838_c0_seq1	scaffold11875	85.20	250	37	0	222	471	67418	67169	2e-77	284
comp128838_c0_seq2	scaffold11875	85.20	250	37	0	519	768	67418	67169	3e-77	284
comp128987_c0_seq1	scaffold59644	77.86	271	31	3	7	262	13508	13764	6e-62	232
comp128987_c0_seq2	scaffold59644	82.76	232	26	2	2	233	13547	13764	3e-65	242
comp129004_c1_seq2	scaffold71773	74.43	438	62	10	23	424	36768	36345	5e-78	286
comp129051_c0_seq1	scaffold20302	89.71	136	13	1	322	456	71015	70880	6e-46	179
comp129081_c0_seq3	scaffold71773	72.27	375	102	2	29	402	52286	51913	2e-52	201
comp129081_c0_seq3	scaffold71773	68.07	545	160	7	3	540	52480	51943	8e-46	179
comp129081_c0_seq3	scaffold71773	68.65	453	138	1	19	467	34797	34345	9e-45	176
comp129081_c0_seq3	scaffold71773	70.34	408	117	4	3	408	52228	51823	9e-45	176
comp129081_c0_seq3	scaffold71773	68.84	430	132	2	3	431	52144	51716	2e-41	165
comp129144_c0_seq1	scaffold71773	82.27	220	33	4	38	253	15583	15366	7e-55	208
comp129144_c0_seq2	scaffold10970	81.82	198	30	4	38	231	12880	13075	3e-47	183
comp129151_c1_seq4	scaffold4463	77.65	255	38	6	89	328	6184	5934	2e-50	194
comp129151_c1_seq4	scaffold4463	79.31	203	27	4	1	193	6372	6175	7e-44	172
comp129151_c1_seq6	scaffold4463	77.65	255	38	6	127	366	6184	5934	2e-50	194
comp129151_c1_seq7	scaffold4463	76.95	243	37	6	89	316	6184	5946	5e-45	176
comp129151_c1_seq7	scaffold4463	79.31	203	27	4	1	193	6372	6175	7e-44	172
comp129151_c1_seq8	scaffold4463	76.95	243	37	6	127	354	6184	5946	6e-45	176
comp129167_c0_seq1	scaffold71773	76.15	499	96	9	1106	1589	55809	56299	1e-94	343
comp129167_c0_seq1	scaffold71773	74.69	490	103	11	1106	1593	20979	21449	5e-80	295
comp129237_c0_seq3	scaffold20302	77.02	235	42	5	610	833	71683	71916	4e-42	168
comp129237_c0_seq4	scaffold20302	77.02	235	42	5	610	833	71683	71916	4e-42	168
comp129241_c0_seq1	scaffold9504	72.94	340	75	5	157	493	30737	30412	1e-49	192
comp129298_c0_seq1	scaffold20302	84.49	187	23	1	2	188	70832	71012	1e-54	208
comp129298_c0_seq2	scaffold20302	84.49	187	23	1	2	188	70832	71012	9e-55	208
comp129423_c1_seq1	scaffold4463	80.90	199	38	0	1	199	22805	23003	1e-48	188
comp129518_c2_seq4	scaffold15463	72.41	482	94	14	32	509	40517	40071	1e-64	242
comp129518_c2_seq6	scaffold15463	72.29	480	95	13	32	507	40517	40072	9e-65	242
comp129546_c0_seq1	scaffold27692	76.99	226	38	5	372	585	64133	63910	8e-41	163
comp129591_c1_seq1	scaffold71773	76.17	256	52	7	24	276	8273	8024	5e-41	163
comp129603_c0_seq1	scaffold31723	89.59	634	46	6	1	631	44795	45411	0.0	838
comp129603_c0_seq2	scaffold31723	81.77	406	31	6	1	365	44795	45198	2e-115	410
comp129604_c0_seq2	scaffold19489	80.43	276	33	3	30	299	49930	49670	4e-70	260
comp129618_c0_seq1	scaffold10970	77.93	299	30	5	92	383	31812	31543	1e-67	251
comp129636_c0_seq1	scaffold10970	85.43	199	19	4	1	196	51488	51297	3e-58	219
comp129636_c0_seq2	scaffold10970	79.18	245	40	4	2	246	51680	51447	8e-54	205
comp129636_c0_seq3	scaffold10970	84.39	205	20	4	1	203	51488	51294	4e-58	219
comp129659_c0_seq1	scaffold27692	78.07	228	35	2	1	228	34671	34883	2e-49	190
comp129668_c0_seq1	scaffold31723	85.03	394	29	4	8	387	40772	41149	2e-128	453
comp129668_c0_seq2	scaffold31723	78.54	396	38	8	8	374	40772	41149	1e-93	338
comp129700_c0_seq1	scaffold71773	76.44	225	34	4	576	788	15362	15579	7e-42	167
comp129700_c0_seq2	scaffold71773	76.44	225	34	4	562	774	15362	15579	7e-42	167
comp129700_c0_seq3	scaffold71773	76.44	225	34	4	698	910	15362	15579	8e-42	167
comp129700_c0_seq4	scaffold71773	76.44	225	34	4	712	924	15362	15579	8e-42	167
comp129727_c0_seq2	scaffold9504	77.07	266	41	5	199	444	69522	69257	2e-52	201
comp129727_c0_seq3	scaffold9504	77.07	266	41	5	273	518	69522	69257	2e-52	201
comp129743_c0_seq1	scaffold5354	74.29	280	43	9	334	589	60662	60388	6e-42	167
comp129743_c0_seq2	scaffold5354	74.48	286	44	9	330	591	60662	60382	1e-43	172
comp129767_c0_seq1	scaffold27692	80.91	220	28	1	1	206	34950	34731	4e-57	215
comp129889_c0_seq2	scaffold26337	74.09	328	64	6	1	308	141009	141335	1e-52	201
comp129964_c0_seq2	scaffold5354	78.15	270	45	7	1	268	23124	23381	5e-53	203
comp129968_c0_seq1	scaffold27692	77.59	299	50	8	1	288	34907	34615	5e-57	217
comp129968_c0_seq2	scaffold27692	82.12	179	29	3	1	178	34907	34731	5e-43	168
comp129987_c1_seq1	scaffold4463	77.53	227	27	7	1	212	13034	12817	1e-43	170
comp129987_c1_seq2	scaffold5354	79.00	219	27	7	1	215	23367	23164	1e-44	174
comp130033_c1_seq1	scaffold15463	83.33	234	38	1	42	275	80014	79782	4e-65	242
comp130050_c2_seq1	scaffold5354	66.26	486	42	14	22	393	37192	36715	2e-47	185
comp130050_c2_seq3	scaffold5354	77.27	352	50	8	1	329	37053	36709	5e-72	266
comp130050_c2_seq4	scaffold5354	64.08	696	73	20	22	603	37192	36560	3e-51	197
comp130050_c2_seq5	scaffold5354	66.26	486	42	14	22	393	37192	36715	2e-47	185
comp130050_c2_seq6	scaffold5354	72.00	425	45	8	1	358	37194	36777	2e-70	260
comp130050_c2_seq7	scaffold5354	80.00	355	53	7	8	352	37055	36709	5e-84	306
comp130050_c2_seq8	scaffold5354	69.92	492	56	12	22	429	37192	36709	4e-67	250
comp130063_c3_seq2	scaffold20302	82.16	269	34	5	103	371	233	487	7e-70	259
comp130116_c1_seq1	scaffold4463	83.62	232	21	4	42	273	5896	6110	1e-65	244
comp130116_c1_seq1	scaffold4463	80.71	197	34	2	78	273	6185	6378	4e-46	179
comp130116_c1_seq2	scaffold4463	80.87	277	22	5	2671	2947	5865	6110	4e-71	266
comp130116_c1_seq2	scaffold4463	80.71	197	34	2	2752	2947	6185	6378	4e-45	179
comp130183_c1_seq3	scaffold18558	74.33	300	69	5	38	331	648	945	7e-46	179
comp130183_c2_seq1	scaffold71773	79.89	189	30	2	369	556	15547	15366	2e-42	168
comp130186_c0_seq1	scaffold4463	76.08	255	57	2	1	251	7716	7970	3e-46	179
comp130249_c0_seq1	scaffold59644	96.49	171	3	1	1	171	168	1	3e-76	280
comp130249_c0_seq2	scaffold59644	94.55	110	3	1	22	131	107	1	3e-43	170
comp130267_c1_seq1	scaffold15463	91.90	210	15	2	1	209	89328	89120	5e-81	295
comp130267_c1_seq3	scaffold15463	84.23	260	28	4	1	253	89501	89248	6e-76	279
comp130267_c1_seq5	scaffold15463	81.12	233	18	5	15	227	89474	89248	4e-59	223
comp130292_c0_seq1	scaffold4463	93.10	261	14	2	239	498	65502	65759	9e-108	385
comp130292_c0_seq2	scaffold4463	93.10	261	14	2	174	433	65502	65759	8e-108	385
comp130296_c1_seq2	scaffold9504	90.38	156	15	0	92	247	60668	60823	3e-56	214
comp130299_c0_seq3	scaffold71773	80.17	242	40	3	448	688	21448	21214	5e-56	214
comp130300_c1_seq1	scaffold71773	82.21	208	35	2	1	207	42524	42318	8e-53	201
comp130300_c1_seq2	scaffold59644	81.60	212	29	4	57	264	10730	10935	1e-51	197
comp130300_c1_seq2	scaffold59644	75.37	268	48	8	2	262	10196	10452	2e-42	167
comp130300_c1_seq2	scaffold59644	75.60	250	50	5	15	258	10044	10288	3e-41	163
comp130300_c1_seq3	scaffold71773	73.64	516	80	11	1	467	42377	41869	1e-87	318
comp130300_c1_seq3	scaffold71773	76.88	320	72	2	2	320	42544	42226	3e-63	237
comp130300_c1_seq3	scaffold71773	73.43	286	50	4	68	352	41977	41717	6e-46	179
comp130315_c1_seq3	scaffold5354	82.66	173	30	0	404	576	60383	60555	3e-45	178
comp130315_c1_seq3	scaffold5354	81.46	178	32	1	399	576	42099	41923	1e-42	168
comp130336_c0_seq6	scaffold71773	73.26	273	69	1	50	322	34256	34524	3e-41	163
comp130345_c0_seq1	scaffold26337	78.90	218	33	3	1	205	13797	13580	6e-48	185
comp130376_c0_seq1	scaffold34940	78.63	248	46	3	6	252	44043	44284	4e-52	201
comp130383_c0_seq2	scaffold5354	81.40	215	38	2	616	829	22930	23143	3e-52	201
comp130383_c0_seq2	scaffold5354	81.68	191	34	1	616	805	31341	31531	9e-47	183
comp130383_c0_seq3	scaffold5354	81.40	215	38	2	406	619	22930	23143	3e-52	201
comp130383_c0_seq3	scaffold5354	81.68	191	34	1	406	595	31341	31531	7e-47	183
comp130394_c0_seq2	scaffold10970	76.67	433	54	11	1	416	34556	34154	9e-88	318
comp130400_c1_seq1	scaffold9504	79.09	287	51	4	277	556	77154	77438	4e-63	237
comp130405_c0_seq1	scaffold34940	75.62	283	52	8	1	269	37921	37642	5e-46	179
comp130458_c0_seq1	scaffold30278	75.43	289	58	5	10	294	65545	65824	2e-49	190
comp130469_c1_seq1	scaffold5354	78.22	303	47	7	26	321	3240	3530	6e-63	235
comp130469_c1_seq1	scaffold5354	76.79	224	42	2	66	283	548	329	2e-43	170
comp130544_c0_seq1	scaffold19489	75.67	263	50	4	1	249	30703	30441	9e-47	181
comp130561_c0_seq1	scaffold20302	74.74	289	47	7	281	544	10848	10561	3e-47	185
comp130561_c0_seq1	scaffold20302	77.78	216	34	3	347	548	75971	75756	2e-43	172
comp130561_c0_seq2	scaffold20302	74.39	289	47	7	465	727	10848	10561	5e-46	181
comp130561_c0_seq2	scaffold20302	77.78	216	34	3	530	731	75971	75756	3e-43	172
comp130561_c0_seq3	scaffold20302	74.39	289	47	7	532	794	10848	10561	5e-46	181
comp130561_c0_seq3	scaffold20302	77.78	216	34	3	597	798	75971	75756	3e-43	172
comp130561_c0_seq4	scaffold20302	74.39	289	47	7	548	810	10848	10561	5e-46	181
comp130561_c0_seq4	scaffold20302	77.78	216	34	3	613	814	75971	75756	3e-43	172
comp130562_c4_seq1	scaffold18558	77.59	232	48	3	76	303	33287	33056	2e-44	174
comp130562_c4_seq2	scaffold5354	75.56	311	58	6	152	454	60368	60668	1e-54	208
comp130562_c4_seq4	scaffold5354	75.56	311	58	6	202	504	60368	60668	1e-54	208
comp130562_c5_seq1	scaffold18558	80.27	223	37	6	1	217	33072	33293	3e-47	183
comp130562_c8_seq2	scaffold18558	78.79	198	39	2	1	195	33257	33060	9e-41	161
comp130602_c0_seq1	scaffold4463	76.36	313	54	7	1868	2177	30053	30348	2e-56	217
comp130602_c1_seq1	scaffold4463	99.84	4497	6	1	20	4516	30153	34648	0.0	8074
comp130647_c0_seq1	scaffold18558	92.02	188	15	0	68	255	2810	2997	7e-74	271
comp130647_c0_seq2	scaffold18558	84.74	249	36	2	9	257	2933	3179	7e-74	271
comp130676_c0_seq1	scaffold20302	81.73	197	25	4	1	196	71736	71922	1e-47	185
comp130682_c0_seq1	scaffold19489	79.30	285	51	4	9	287	39753	39471	2e-63	237
comp130698_c0_seq1	scaffold5354	81.50	227	39	3	1	226	64080	63856	6e-55	210
comp130716_c0_seq1	scaffold71773	77.64	237	37	7	2	224	41908	41674	6e-44	172
comp130716_c0_seq3	scaffold59644	78.05	246	43	4	12	255	10792	11028	6e-50	192
comp130716_c0_seq4	scaffold71773	79.88	323	44	6	1	322	41576	41878	6e-77	282
comp130716_c0_seq5	scaffold71773	78.31	378	55	8	1	377	41576	41927	2e-82	300
comp130723_c0_seq1	scaffold10970	89.36	188	19	1	1	187	90333	90146	2e-66	246
comp130723_c0_seq2	scaffold10970	87.59	266	32	1	335	599	90411	90146	3e-90	327
comp130723_c0_seq2	scaffold10970	76.84	272	49	3	23	284	91380	91113	6e-54	206
comp130723_c0_seq3	scaffold10970	89.53	277	27	2	335	610	90411	90136	1e-100	361
comp130723_c0_seq3	scaffold10970	76.84	272	49	3	23	284	91380	91113	7e-54	206
comp130724_c1_seq2	scaffold3071	81.22	181	32	2	58	236	62461	62641	5e-42	167
comp130750_c0_seq1	scaffold71773	74.47	380	68	9	1	368	30742	31104	5e-62	233
comp130758_c0_seq1	scaffold10970	86.43	140	16	1	489	628	8441	8305	2e-41	165
comp130791_c0_seq1	scaffold5354	78.80	217	29	6	63	276	22935	23137	5e-44	172
comp130791_c0_seq1	scaffold5354	79.00	219	31	8	60	276	31343	31548	8e-42	165
comp130807_c0_seq1	scaffold45727	79.71	207	35	3	662	868	62759	62958	4e-45	178
comp130808_c0_seq1	scaffold4463	81.98	505	73	6	878	1365	16524	16021	1e-138	489
comp130808_c0_seq1	scaffold4463	75.52	478	73	13	1	456	17351	16896	2e-86	316
comp130821_c1_seq2	scaffold4463	83.51	194	21	4	375	557	30346	30153	3e-51	197
comp130821_c1_seq3	scaffold4463	77.63	304	53	7	375	673	30346	30053	6e-59	224
comp130834_c0_seq1	scaffold10970	71.64	536	100	16	57	564	89573	90084	7e-69	257
comp130834_c0_seq2	scaffold10970	75.37	268	50	6	39	306	89833	90084	5e-44	174
comp130860_c1_seq1	scaffold9504	76.69	236	50	3	1	232	57410	57644	5e-43	168
comp130893_c1_seq1	scaffold30278	79.34	213	41	1	101	310	91391	91603	1e-47	185
comp130893_c1_seq2	scaffold30278	79.34	213	41	1	63	272	91391	91603	9e-48	185
comp130893_c2_seq1	scaffold30278	78.01	241	43	3	832	1063	91393	91632	4e-49	192
comp130938_c3_seq1	scaffold18558	79.81	322	35	3	185	499	2797	2499	8e-83	302
comp130968_c0_seq1	scaffold11875	83.25	197	30	1	427	623	63363	63170	2e-53	205
comp130971_c2_seq1	scaffold26337	80.81	198	30	6	1	196	98296	98105	2e-42	167
comp130978_c0_seq1	scaffold4463	81.07	206	25	3	25	228	22809	23002	1e-50	196
comp130995_c0_seq1	scaffold32578	89.21	139	15	0	1164	1302	49373	49235	1e-46	183
comp130995_c0_seq1	scaffold32578	89.63	135	14	0	1168	1302	48535	48401	5e-46	181
comp130995_c0_seq1	scaffold32578	87.59	137	15	1	1168	1302	48951	48815	3e-42	168
comp130999_c2_seq1	scaffold9504	81.40	172	32	0	4	175	77323	77152	2e-42	167
comp131029_c1_seq1	scaffold71773	73.33	405	81	7	3	382	55823	56225	2e-63	237
comp131029_c1_seq1	scaffold71773	73.33	390	85	6	1	381	20991	21370	1e-59	224
comp131033_c0_seq3	scaffold71773	86.43	140	17	1	122	261	69366	69503	7e-42	165
comp131079_c0_seq5	scaffold45727	96.15	104	4	0	1	104	69198	69095	1e-43	170
comp131084_c3_seq1	scaffold11875	79.25	241	39	3	3	233	40619	40858	3e-54	206
comp131084_c3_seq2	scaffold71773	70.96	520	102	18	45	536	8061	8559	2e-58	221
comp131101_c0_seq2	scaffold11875	75.77	260	57	4	142	400	40853	40599	8e-44	172
comp131112_c0_seq1	scaffold4463	83.63	171	27	1	1	170	52719	52889	3e-46	179
comp131112_c0_seq1	scaffold4463	81.22	181	34	0	1	181	41543	41363	1e-44	174
comp131112_c0_seq1	scaffold4463	80.87	183	34	1	1	182	79374	79192	5e-43	168
comp131131_c0_seq1	scaffold26337	80.57	247	41	2	1	246	15777	16017	8e-60	226
comp131142_c0_seq1	scaffold27692	83.42	187	29	1	159	343	35009	34823	6e-51	196
comp131183_c0_seq1	scaffold4463	83.21	262	39	4	666	923	95549	95809	8e-70	260
comp131183_c0_seq1	scaffold4463	82.71	214	36	1	705	917	75842	75629	3e-56	215
comp131183_c0_seq2	scaffold4463	83.21	262	39	4	1298	1555	95549	95809	1e-69	260
comp131183_c0_seq2	scaffold4463	82.71	214	36	1	1337	1549	75842	75629	4e-56	215
comp131236_c0_seq1	scaffold20302	80.58	278	51	3	593	868	5766	6042	3e-66	248
comp131271_c2_seq2	scaffold45727	79.02	224	41	5	1	220	81060	80839	5e-45	176
comp131336_c0_seq1	scaffold26337	86.14	166	21	2	24	188	37957	38121	2e-48	188
comp131388_c0_seq1	scaffold18558	89.20	213	23	0	1	213	15989	15777	1e-76	280
comp131388_c0_seq2	scaffold18558	89.29	448	44	1	135	582	16450	16007	1e-169	590
comp131433_c1_seq1	scaffold18558	76.60	235	44	4	851	1074	64621	64387	4e-42	168
comp131436_c0_seq1	scaffold31723	80.28	218	32	3	496	710	65391	65600	1e-50	196
comp131436_c0_seq2	scaffold31723	79.11	225	36	3	101	322	65384	65600	2e-49	190
comp131453_c2_seq1	scaffold10970	85.07	221	19	5	103	319	52499	52289	1e-64	241
comp131453_c2_seq2	scaffold10970	80.38	265	33	6	25	280	52543	52289	2e-62	233
comp131453_c2_seq3	scaffold10970	79.49	273	37	5	519	782	52543	52281	2e-62	235
comp131453_c2_seq4	scaffold10970	83.71	221	22	5	105	321	52499	52289	3e-60	226
comp131453_c2_seq5	scaffold10970	84.47	206	22	4	141	346	52484	52289	5e-58	219
comp131480_c1_seq2	scaffold32578	86.92	390	39	5	62	444	5251	4867	4e-131	462
comp131480_c1_seq4	scaffold32578	88.22	365	38	2	4	368	5227	4868	1e-130	461
comp131480_c1_seq7	scaffold32578	89.51	324	31	2	2	324	5189	4868	6e-120	425
comp131483_c0_seq1	scaffold15463	79.91	219	40	3	1	216	79856	80073	2e-48	187
comp131483_c0_seq2	scaffold15463	79.09	263	44	3	1	253	79856	80117	3e-59	223
comp131483_c0_seq2	scaffold15463	77.50	240	37	4	32	256	79560	79797	2e-48	187
comp131508_c0_seq1	scaffold10970	79.22	231	41	3	315	541	12835	13062	5e-50	194
comp131546_c0_seq1	scaffold71773	86.71	143	18	1	134	275	15359	15501	6e-43	168
comp131546_c0_seq2	scaffold71773	87.23	141	17	1	76	215	15361	15501	1e-43	170
comp131556_c0_seq2	scaffold10970	80.51	554	81	10	14	542	34948	34397	1e-139	491
comp131556_c0_seq3	scaffold10970	79.82	555	85	10	186	715	34949	34397	1e-134	475
comp131556_c0_seq5	scaffold34940	80.61	495	41	9	180	623	26542	27032	5e-133	470
comp131568_c0_seq2	scaffold5354	75.20	250	48	5	21	258	23369	23122	9e-41	161
comp131601_c0_seq2	scaffold18558	77.51	209	44	1	364	569	61822	61614	8e-41	163
comp131605_c0_seq1	scaffold10970	78.97	195	41	0	1	195	12998	12804	8e-42	167
comp131609_c0_seq1	scaffold10970	79.72	217	26	6	295	510	13291	13092	8e-47	183
comp131609_c0_seq3	scaffold10970	79.72	217	26	6	647	862	13291	13092	1e-46	183
comp131758_c0_seq1	scaffold10970	90.46	241	21	2	379	619	54442	54204	3e-89	324
comp131758_c0_seq1	scaffold10970	83.01	259	33	2	58	305	54791	54533	6e-73	269
comp131758_c0_seq2	scaffold10970	90.46	241	21	2	575	815	54442	54204	4e-89	324
comp131758_c0_seq2	scaffold10970	84.51	284	33	2	229	501	54816	54533	2e-86	315
comp131758_c1_seq1	scaffold10970	87.79	213	20	1	1	207	54017	54229	6e-73	268
comp131787_c0_seq1	scaffold20302	78.48	223	42	4	37	253	10799	10577	1e-44	174
comp131787_c0_seq1	scaffold20302	79.40	199	36	3	58	253	75972	75776	7e-42	165
comp131796_c1_seq1	scaffold31723	92.21	308	18	1	211	518	43861	43560	2e-126	448
comp131796_c1_seq1	scaffold31723	86.73	211	14	2	1	197	44240	44030	2e-69	259
comp131823_c1_seq1	scaffold18558	71.98	414	92	10	332	728	64370	64776	3e-52	201
comp131853_c2_seq1	scaffold4463	82.63	190	29	4	1	187	52838	52650	4e-46	179
comp131861_c0_seq1	scaffold71773	79.38	194	37	2	646	836	20979	21172	9e-41	163
comp131883_c1_seq1	scaffold30278	75.19	258	57	4	1	253	30832	30577	7e-42	165
comp131883_c2_seq1	scaffold30278	77.78	234	32	4	1	215	30840	30608	5e-49	188
comp131883_c2_seq2	scaffold30278	81.78	225	36	2	1	220	30832	30608	1e-57	217
comp131890_c1_seq1	scaffold26960	79.52	249	44	4	33	279	35912	35669	1e-54	208
comp131890_c3_seq1	scaffold26960	77.17	254	40	4	15	266	36612	36849	6e-51	196
comp131914_c1_seq1	scaffold5354	94.01	167	10	0	128	294	26765	26931	2e-69	257
comp131914_c1_seq2	scaffold5354	93.01	229	12	2	167	394	26765	26990	3e-93	336
comp131921_c1_seq1	scaffold71773	76.00	350	66	7	6	339	28739	29086	2e-63	237
comp131921_c1_seq1	scaffold71773	72.96	355	60	6	34	354	8385	8033	2e-56	214
comp131921_c1_seq1	scaffold71773	75.67	263	39	6	109	353	30850	30595	1e-46	181
comp132023_c0_seq1	scaffold71773	82.93	164	24	2	130	293	69525	69366	2e-41	165
comp132023_c0_seq2	scaffold71773	80.50	282	38	4	6	272	69951	69672	5e-70	259
comp132023_c0_seq3	scaffold71773	72.93	447	109	7	75	510	69811	69366	5e-64	241
comp132023_c0_seq3	scaffold71773	74.01	277	69	3	235	510	36420	36146	3e-41	165
comp132023_c0_seq4	scaffold71773	80.50	200	32	2	3	202	69992	69800	2e-47	183
comp132023_c0_seq6	scaffold71773	72.99	448	109	7	75	511	69811	69365	1e-64	242
comp132023_c0_seq6	scaffold71773	74.10	278	69	3	235	511	36420	36145	9e-42	167
comp132023_c0_seq7	scaffold71773	83.03	165	24	2	130	294	69525	69365	7e-42	167
comp132023_c0_seq8	scaffold71773	84.07	226	32	2	1	224	69950	69727	1e-64	241
comp132063_c0_seq1	scaffold30278	80.50	200	34	2	272	467	30834	30636	4e-46	181
comp132078_c0_seq1	scaffold9504	88.76	258	18	2	1	247	68017	68274	2e-93	336
comp132078_c1_seq1	scaffold9504	88.49	252	22	2	1	251	68461	68216	4e-89	322
comp132078_c1_seq2	scaffold9504	91.82	269	16	1	2	270	68478	68216	1e-108	387
comp132085_c0_seq1	scaffold45727	77.82	284	45	6	1	270	937	1216	8e-57	217
comp132085_c0_seq2	scaffold45727	78.54	261	39	5	1	248	937	1193	7e-56	212
comp132107_c3_seq2	scaffold19489	77.09	227	44	2	3	222	65200	65425	2e-44	174
comp132107_c3_seq3	scaffold19489	77.67	215	39	3	3	210	65200	65412	2e-42	167
comp132107_c3_seq4	scaffold19489	80.40	250	34	7	1	239	65203	65448	7e-56	212
comp132114_c2_seq11	scaffold30278	77.99	209	44	1	39	245	91428	91636	2e-42	167
comp132114_c2_seq13	scaffold30278	76.02	246	53	2	615	854	91391	91636	5e-44	174
comp132114_c2_seq6	scaffold18558	79.89	184	33	1	1	184	61634	61813	1e-41	165
comp132114_c2_seq7	scaffold30278	76.02	246	53	2	710	949	91391	91636	6e-44	174
comp132116_c0_seq1	scaffold4463	80.00	270	47	4	59	325	9554	9819	8e-62	232
comp132116_c0_seq2	scaffold4463	79.46	448	74	8	925	1361	9379	9819	4e-104	374
comp132116_c0_seq3	scaffold4463	78.67	211	43	2	19	228	9610	9819	2e-43	170
comp132138_c0_seq5	scaffold19489	73.75	301	63	8	84	381	68247	68534	2e-41	165
comp132169_c1_seq1	scaffold15463	76.53	277	55	6	512	778	27409	27133	2e-48	188
comp132200_c3_seq1	scaffold11875	78.54	233	41	5	687	918	68348	68572	4e-46	181
comp132200_c3_seq3	scaffold71773	78.53	382	58	7	48	415	21078	21449	1e-84	309
comp132200_c3_seq4	scaffold71773	78.53	382	58	7	48	415	21078	21449	1e-84	309
comp132230_c1_seq5	scaffold15463	71.47	368	70	11	161	522	40129	40467	1e-43	172
comp132247_c0_seq1	scaffold15463	90.95	221	15	1	169	384	88955	89175	4e-85	309
comp132247_c0_seq2	scaffold15463	90.95	221	15	1	228	443	88955	89175	5e-85	309
comp132259_c0_seq1	scaffold4463	85.71	154	14	2	801	946	65841	65994	4e-45	178
comp132266_c0_seq2	scaffold34940	80.97	268	41	4	2	262	86805	86541	4e-65	244
comp132266_c0_seq2	scaffold34940	80.18	227	30	4	109	330	86071	85855	1e-52	203
comp132266_c0_seq5	scaffold34940	80.97	268	41	4	2	262	86805	86541	2e-65	244
comp132266_c0_seq5	scaffold34940	81.30	246	31	3	109	349	86071	85836	2e-63	237
comp132266_c0_seq6	scaffold34940	80.90	199	22	1	16	214	86027	85845	1e-51	197
comp132272_c0_seq1	scaffold32578	89.68	126	12	1	549	674	48065	47941	3e-41	165
comp132272_c0_seq1	scaffold32578	90.76	119	11	0	555	673	49384	49266	3e-41	165
comp132272_c0_seq2	scaffold32578	91.16	147	13	0	1	147	49412	49266	6e-54	206
comp132272_c0_seq2	scaffold32578	88.96	154	15	1	1	152	48578	48425	9e-52	199
comp132272_c0_seq2	scaffold32578	88.51	148	17	0	1	148	48088	47941	5e-49	190
comp132272_c0_seq2	scaffold32578	85.81	148	20	1	1	148	48993	48847	2e-42	168
comp132275_c0_seq1	scaffold4463	77.16	232	47	4	155	380	7971	7740	5e-42	167
comp132318_c0_seq1	scaffold15463	76.67	270	61	2	1	269	67968	68236	5e-51	196
comp132318_c0_seq1	scaffold15463	77.56	254	54	3	1	253	68047	68298	2e-49	190
comp132318_c0_seq1	scaffold15463	76.15	239	57	0	1	239	68617	68855	1e-44	174
comp132318_c0_seq1	scaffold15463	74.07	270	70	0	1	270	68578	68847	5e-44	172
comp132318_c0_seq1	scaffold15463	74.90	259	62	3	1	258	68086	68342	3e-41	163
comp132318_c0_seq1	scaffold15463	74.90	243	61	0	7	249	68545	68787	3e-41	163
comp132318_c0_seq2	scaffold27692	77.97	236	40	5	1	234	73973	73748	3e-46	179
comp132318_c0_seq2	scaffold27692	78.50	200	43	0	1	200	75008	74809	2e-42	167
comp132318_c0_seq2	scaffold27692	76.36	220	52	0	1	220	74168	73949	2e-41	163
comp132362_c0_seq1	scaffold11875	92.00	350	27	1	1	349	34506	34157	3e-143	502
comp132377_c0_seq3	scaffold27692	72.05	347	63	11	206	537	64133	63806	6e-43	170
comp132415_c0_seq1	scaffold30278	71.83	355	67	10	121	457	30911	30572	4e-44	174
comp132433_c0_seq1	scaffold45727	76.52	230	41	4	320	548	71864	71647	2e-41	165
comp132433_c0_seq2	scaffold45727	76.52	230	41	4	502	730	71864	71647	2e-41	165
comp132433_c0_seq3	scaffold45727	76.52	230	41	4	439	667	71864	71647	2e-41	165
comp132457_c2_seq1	scaffold4463	81.12	196	36	1	1	195	41414	41609	4e-47	183
comp132457_c2_seq1	scaffold4463	81.44	194	34	2	3	194	52847	52654	2e-46	181
comp132457_c2_seq1	scaffold4463	79.61	206	37	3	1	201	79244	79449	2e-44	174
comp132495_c0_seq1	scaffold26337	86.00	200	20	4	384	576	28057	27859	2e-59	224
comp132495_c0_seq5	scaffold26337	87.75	204	19	3	3	201	28056	27854	6e-67	248
comp132495_c0_seq6	scaffold20302	91.06	123	11	0	454	576	70988	70866	1e-43	172
comp132495_c0_seq8	scaffold26337	87.45	231	23	3	6	231	28088	27859	4e-76	279
comp132495_c1_seq1	scaffold26337	81.84	369	60	4	1	363	27556	27923	4e-98	352
comp132536_c1_seq1	scaffold26337	75.00	316	54	9	802	1097	141311	141001	8e-50	196
comp132536_c1_seq2	scaffold26960	80.29	208	31	3	338	537	64165	64370	9e-48	187
comp132536_c1_seq4	scaffold26337	75.00	316	54	9	802	1097	141311	141001	8e-50	196
comp132552_c0_seq1	scaffold4463	77.69	242	49	3	263	502	41364	41602	2e-47	185
comp132552_c0_seq2	scaffold4463	77.94	272	54	3	111	381	41336	41602	9e-56	212
comp132552_c0_seq2	scaffold4463	74.18	275	64	4	109	381	52929	52660	1e-41	165
comp132570_c0_seq1	scaffold4463	85.96	228	30	1	1	228	3722	3947	1e-71	264
comp132570_c0_seq2	scaffold4463	84.54	414	55	4	1	410	3539	3947	9e-127	448
comp132577_c3_seq1	scaffold32578	83.23	161	21	3	3	162	78740	78895	9e-41	161
comp132592_c0_seq2	scaffold4463	81.98	172	18	2	1	169	22988	22827	4e-44	174
comp132592_c0_seq3	scaffold4463	81.98	172	18	2	1	169	22988	22827	2e-44	174
comp132599_c1_seq1	scaffold34940	72.43	399	63	12	147	503	46087	45694	1e-55	212
comp132599_c1_seq2	scaffold5354	73.56	295	45	7	227	491	23279	22988	9e-46	179
comp132599_c1_seq3	scaffold5354	78.88	251	35	9	1	240	23363	23120	2e-49	190
comp132599_c1_seq4	scaffold5354	76.25	379	67	14	31	388	23310	22934	9e-63	235
comp132599_c1_seq5	scaffold5354	76.92	442	77	16	1	420	23372	22934	2e-78	288
comp132618_c3_seq1	scaffold71773	79.17	216	43	1	1	216	28953	28740	7e-48	185
comp132618_c3_seq10	scaffold71773	76.52	379	67	4	1	363	29082	28710	2e-77	284
comp132618_c3_seq13	scaffold59644	85.28	163	22	2	190	352	69918	70078	5e-46	179
comp132618_c3_seq4	scaffold71773	76.89	225	34	6	17	227	8029	8249	8e-41	161
comp132618_c3_seq5	scaffold71773	80.82	245	46	1	1	245	28953	28710	3e-60	226
comp132618_c3_seq6	scaffold71773	80.90	199	38	0	1	199	28953	28755	5e-49	188
comp132618_c3_seq7	scaffold71773	78.82	203	38	2	1	200	28940	28740	5e-43	168
comp132618_c3_seq8	scaffold19489	72.24	335	63	9	20	328	86985	86655	7e-44	172
comp132668_c0_seq1	scaffold15463	72.92	469	90	11	1	461	40077	40516	3e-69	257
comp132679_c0_seq1	scaffold27692	84.27	248	33	4	3	244	31638	31391	4e-70	259
comp132679_c0_seq2	scaffold45727	76.87	415	65	11	43	438	69522	69120	1e-80	295
comp132679_c0_seq4	scaffold45727	76.08	439	71	12	60	477	69522	69097	2e-80	295
comp132679_c0_seq5	scaffold45727	75.68	440	72	13	43	461	69522	69097	3e-77	284
comp132696_c0_seq1	scaffold27692	82.26	451	41	4	1	416	81719	81273	2e-133	470
comp132696_c0_seq3	scaffold27692	82.86	455	39	4	1	421	81719	81270	4e-138	486
comp132696_c0_seq8	scaffold27692	88.93	244	26	1	18	260	81516	81273	7e-87	315
comp132696_c0_seq9	scaffold27692	89.92	248	24	1	18	265	81516	81270	1e-91	331
comp132743_c0_seq4	scaffold26337	81.08	222	35	3	52	269	15952	15734	3e-53	205
comp132763_c1_seq1	scaffold18558	81.41	199	30	4	659	855	61851	61658	3e-46	181
comp132789_c5_seq1	scaffold18558	75.50	298	61	6	64	351	44422	44717	1e-49	192
comp132800_c0_seq1	scaffold26337	81.40	258	46	2	1	257	113759	114015	3e-65	242
comp132800_c0_seq3	scaffold26337	85.71	203	28	1	1	202	113753	113955	5e-62	232
comp132800_c0_seq6	scaffold26337	87.26	212	25	2	4	213	113742	113953	1e-68	253
comp132803_c0_seq1	scaffold27692	82.61	184	27	4	533	715	26657	26478	4e-44	174
comp132860_c2_seq2	scaffold5354	76.33	300	53	11	891	1185	23395	23109	3e-48	188
comp132860_c2_seq4	scaffold5354	77.00	300	51	12	154	448	23395	23109	9e-50	192
comp132861_c1_seq1	scaffold10970	90.74	216	20	0	579	794	12792	13007	5e-82	300
comp132861_c1_seq1	scaffold10970	79.05	210	44	0	587	796	4016	3807	3e-46	181
comp132861_c1_seq10	scaffold10970	90.00	190	19	0	131	320	12818	13007	2e-69	257
comp132861_c1_seq10	scaffold10970	79.17	192	40	0	131	322	3998	3807	3e-42	167
comp132861_c1_seq3	scaffold27692	82.51	183	22	3	3	178	39730	39909	9e-47	181
comp132861_c1_seq6	scaffold27692	81.35	193	23	3	3	195	39730	39909	8e-48	185
comp132861_c1_seq7	scaffold10970	90.74	216	20	0	509	724	12792	13007	4e-82	300
comp132861_c1_seq7	scaffold10970	79.05	210	44	0	517	726	4016	3807	3e-46	181
comp132861_c1_seq8	scaffold10970	90.74	216	20	0	593	808	12792	13007	5e-82	300
comp132861_c1_seq8	scaffold10970	79.05	210	44	0	601	810	4016	3807	3e-46	181
comp132861_c1_seq9	scaffold10970	90.74	216	20	0	513	728	12792	13007	4e-82	300
comp132861_c1_seq9	scaffold10970	79.05	210	44	0	521	730	4016	3807	3e-46	181
comp132867_c2_seq2	scaffold20302	79.34	271	52	3	30	298	85708	85976	7e-60	226
comp132867_c2_seq3	scaffold20302	78.47	274	52	5	30	301	85708	85976	2e-55	212
comp132867_c2_seq4	scaffold20302	78.47	274	52	5	29	300	85708	85976	2e-55	212
comp132867_c2_seq5	scaffold20302	80.67	300	51	5	3	298	85726	86022	2e-71	264
comp132867_c2_seq7	scaffold20302	77.81	320	63	6	29	345	85708	86022	3e-63	237
comp132876_c0_seq1	scaffold10970	85.33	225	25	3	2	225	55551	55768	6e-68	251
comp132886_c0_seq1	scaffold11875	82.97	182	28	1	460	641	63361	63183	6e-48	187
comp132886_c0_seq2	scaffold11875	83.33	186	28	1	167	352	63365	63183	2e-50	194
comp132900_c0_seq1	scaffold4463	80.00	245	36	9	389	625	95800	95561	2e-49	192
comp132900_c1_seq2	scaffold59644	80.00	290	47	5	187	470	55478	55194	4e-67	250
comp132922_c0_seq1	scaffold18558	99.11	112	1	0	275	386	60376	60265	3e-51	197
comp132922_c0_seq1	scaffold18558	99.00	100	1	0	177	276	61502	61403	1e-44	176
comp132922_c0_seq2	scaffold18558	98.40	313	5	0	1	313	69615	69303	1e-154	542
comp132922_c0_seq2	scaffold18558	99.36	157	1	0	310	466	65099	64943	2e-75	279
comp132922_c0_seq2	scaffold18558	98.51	134	2	0	462	595	64199	64066	8e-62	233
comp132922_c0_seq2	scaffold18558	100.00	112	0	0	780	891	60236	60125	1e-52	203
comp132922_c0_seq2	scaffold18558	100.00	101	0	0	682	782	61502	61402	1e-46	183
comp132922_c0_seq2	scaffold18558	98.94	94	1	0	592	685	62392	62299	4e-41	165
comp132931_c1_seq1	scaffold71773	68.94	602	175	4	3	598	34330	34925	2e-62	235
comp132931_c1_seq1	scaffold71773	67.68	622	188	7	3	619	51913	52526	1e-50	196
comp132931_c1_seq1	scaffold71773	69.49	472	127	7	156	620	51562	52023	7e-48	187
comp132931_c1_seq1	scaffold71773	67.95	624	181	12	2	617	51576	52188	7e-48	187
comp132931_c1_seq1	scaffold71773	69.18	464	138	3	157	619	51899	52358	9e-47	183
comp132931_c1_seq1	scaffold71773	66.56	619	200	3	3	619	34246	34859	1e-44	176
comp132931_c1_seq1	scaffold71773	67.40	549	174	3	72	619	51562	52106	4e-44	174
comp132931_c1_seq1	scaffold71773	67.03	552	178	2	66	617	34058	34605	5e-43	170
comp132931_c1_seq1	scaffold71773	69.51	410	118	3	160	567	34067	34471	2e-42	168
comp132931_c1_seq1	scaffold71773	66.34	612	199	3	3	612	34078	34684	2e-42	168
comp132931_c1_seq1	scaffold71773	68.10	464	145	1	1	464	34412	34872	2e-42	168
comp132931_c1_seq2	scaffold71773	69.98	483	141	2	2	482	34305	34785	2e-55	212
comp132931_c1_seq2	scaffold71773	69.45	491	142	6	10	496	51812	52298	6e-49	190
comp132931_c1_seq2	scaffold71773	68.24	488	149	2	2	486	34137	34621	4e-45	178
comp132931_c1_seq2	scaffold71773	68.96	451	138	2	9	458	51727	52176	1e-44	176
comp132931_c1_seq2	scaffold71773	68.43	472	147	2	12	482	52066	52536	2e-43	172
comp132931_c1_seq2	scaffold71773	69.48	403	117	3	3	403	34390	34788	2e-41	165
comp132931_c2_seq1	scaffold71773	98.48	1512	10	2	1	1512	26750	25252	0.0	2626
comp132931_c2_seq1	scaffold71773	74.69	407	99	3	16	420	52311	51907	8e-70	260
comp132931_c2_seq1	scaffold71773	70.71	553	146	6	13	554	34731	34184	3e-68	255
comp132931_c2_seq1	scaffold71773	70.50	539	143	6	29	556	34799	34266	2e-64	242
comp132931_c2_seq1	scaffold71773	70.17	533	151	3	30	555	52045	51514	3e-63	239
comp132931_c2_seq1	scaffold71773	73.13	402	108	0	31	432	51960	51559	3e-63	239
comp132931_c2_seq1	scaffold71773	73.57	401	98	4	35	431	52376	51980	3e-62	235
comp132931_c2_seq1	scaffold71773	72.17	424	112	4	13	433	34311	33891	7e-58	221
comp132931_c2_seq1	scaffold71773	70.90	433	120	4	3	432	26916	26487	6e-52	201
comp132931_c2_seq1	scaffold71773	68.65	520	153	3	4	515	45257	44740	2e-51	199
comp132931_c2_seq1	scaffold71773	68.12	552	158	7	16	555	52227	51682	1e-47	187
comp132931_c2_seq1	scaffold71773	71.96	321	84	2	31	348	51876	51559	1e-42	170
comp132931_c2_seq2	scaffold71773	96.50	657	11	1	16	672	26636	25992	0.0	1088
comp132931_c2_seq2	scaffold71773	75.30	332	78	2	5	334	34220	33891	3e-59	224
comp132931_c2_seq2	scaffold71773	71.40	451	113	6	16	455	34629	34184	1e-57	219
comp132931_c2_seq2	scaffold71773	74.62	327	83	0	7	333	51885	51559	1e-56	215
comp132931_c2_seq2	scaffold71773	70.64	453	117	4	15	456	51961	51514	5e-56	214
comp132931_c2_seq2	scaffold71773	73.72	331	87	0	2	332	52310	51980	2e-53	205
comp132931_c2_seq2	scaffold71773	72.98	322	83	3	2	321	52226	51907	1e-45	179
comp132931_c2_seq2	scaffold71773	68.95	467	129	6	2	457	34727	34266	1e-44	176
comp132931_c2_seq3	scaffold71773	97.41	771	8	1	1	771	26750	25992	0.0	1306
comp132931_c2_seq3	scaffold71773	74.45	407	100	3	16	420	52311	51907	2e-68	255
comp132931_c2_seq3	scaffold71773	70.34	553	148	6	13	554	34731	34184	9e-66	246
comp132931_c2_seq3	scaffold71773	73.38	402	107	0	31	432	51960	51559	1e-64	242
comp132931_c2_seq3	scaffold71773	70.32	539	144	6	29	556	34799	34266	1e-63	239
comp132931_c2_seq3	scaffold71773	70.07	538	143	6	30	555	52045	51514	6e-62	233
comp132931_c2_seq3	scaffold71773	73.07	401	100	4	35	431	52376	51980	9e-60	226
comp132931_c2_seq3	scaffold71773	72.17	424	112	4	13	433	34311	33891	4e-58	221
comp132931_c2_seq3	scaffold71773	70.67	433	121	4	3	432	26916	26487	1e-50	196
comp132931_c2_seq3	scaffold71773	68.30	552	157	7	16	555	52227	51682	2e-49	192
comp132931_c2_seq3	scaffold71773	68.27	520	155	3	4	515	45257	44740	6e-49	190
comp132931_c2_seq3	scaffold71773	71.96	321	84	2	31	348	51876	51559	6e-43	170
comp132931_c2_seq4	scaffold71773	94.66	393	9	1	1446	1838	26372	25992	3e-178	621
comp132931_c2_seq5	scaffold71773	98.14	1398	13	2	16	1413	26636	25252	0.0	2406
comp132931_c2_seq5	scaffold71773	75.30	332	78	2	5	334	34220	33891	5e-59	224
comp132931_c2_seq5	scaffold71773	71.40	451	113	6	16	455	34629	34184	2e-57	219
comp132931_c2_seq5	scaffold71773	74.62	327	83	0	7	333	51885	51559	3e-56	215
comp132931_c2_seq5	scaffold71773	70.64	453	117	4	15	456	51961	51514	9e-56	214
comp132931_c2_seq5	scaffold71773	73.72	331	87	0	2	332	52310	51980	5e-53	205
comp132931_c2_seq5	scaffold71773	72.98	322	83	3	2	321	52226	51907	2e-45	179
comp132931_c2_seq5	scaffold71773	68.95	467	129	6	2	457	34727	34266	2e-44	176
comp132931_c2_seq6	scaffold71773	97.88	1134	11	2	1446	2579	26372	25252	0.0	1939
comp132932_c4_seq2	scaffold11875	71.11	450	83	13	97	508	40485	40925	4e-55	210
comp132932_c4_seq5	scaffold26337	79.40	199	37	1	56	250	146790	146592	1e-44	174
comp132932_c4_seq6	scaffold26337	73.59	337	68	7	4	322	140928	141261	2e-50	194
comp132932_c4_seq6	scaffold26337	72.19	338	78	5	2	324	146909	146573	1e-45	178
comp132937_c6_seq1	scaffold71773	78.35	231	37	6	100	320	72069	71842	5e-45	176
comp132951_c0_seq2	scaffold11875	78.44	218	30	4	3	219	66252	66051	5e-46	179
comp132951_c0_seq4	scaffold19489	75.07	337	69	4	1	335	86951	86628	1e-59	224
comp132967_c0_seq1	scaffold5354	77.29	229	35	4	279	490	69256	69484	9e-45	176
comp132967_c0_seq2	scaffold5354	81.39	360	58	6	15	370	69763	70117	5e-91	329
comp133045_c2_seq1	scaffold71773	79.46	185	33	1	1	180	42294	42478	2e-41	163
comp133054_c4_seq1	scaffold4463	83.27	257	28	6	159	410	8684	8930	2e-69	257
comp133054_c4_seq2	scaffold4463	80.37	270	31	7	159	425	8684	8934	2e-63	237
comp133054_c4_seq4	scaffold71773	77.01	274	41	4	3	255	21177	21449	6e-56	212
comp133054_c4_seq5	scaffold71773	76.05	309	46	4	2	291	21149	21448	2e-61	232
comp133054_c4_seq8	scaffold20302	84.79	217	28	3	1	213	10776	10561	2e-62	233
comp133054_c4_seq8	scaffold20302	81.28	219	35	3	1	217	75970	75756	3e-53	203
comp133054_c4_seq8	scaffold20302	84.32	185	25	3	35	217	10551	10369	1e-50	194
comp133054_c4_seq8	scaffold20302	83.33	192	27	4	30	217	10369	10179	6e-49	188
comp133056_c2_seq1	scaffold71773	85.23	176	18	2	24	192	63406	63580	5e-52	199
comp133078_c1_seq1	scaffold10970	80.00	285	47	4	15	295	12800	13078	1e-66	248
comp133078_c1_seq2	scaffold10970	79.12	297	46	6	606	892	12786	13076	4e-65	244
comp133078_c1_seq3	scaffold10970	78.45	283	46	5	15	288	12800	13076	4e-60	226
comp133078_c1_seq4	scaffold10970	80.60	299	47	5	606	899	12786	13078	1e-71	266
comp133108_c2_seq1	scaffold4463	81.19	202	30	4	61	260	42311	42506	1e-46	183
comp133108_c2_seq2	scaffold4463	81.19	202	30	4	61	260	42311	42506	1e-46	183
comp133117_c0_seq1	scaffold32578	71.30	561	103	19	304	848	30588	31106	9e-68	253
comp133117_c0_seq2	scaffold32578	71.30	561	103	19	304	848	30588	31106	1e-67	253
comp133122_c0_seq1	scaffold10970	83.01	259	29	3	1	259	94815	95058	8e-73	269
comp133122_c0_seq3	scaffold10970	82.17	258	32	3	1	258	94815	95058	3e-69	257
comp133122_c0_seq7	scaffold10970	83.01	259	29	3	1	259	94815	95058	8e-73	269
comp133144_c2_seq1	scaffold15463	83.49	212	29	2	1	206	27394	27183	1e-58	221
comp133144_c2_seq3	scaffold15463	82.42	256	39	2	1	250	27394	27139	9e-69	255
comp133156_c1_seq1	scaffold71773	74.25	299	69	6	10	306	8326	8034	6e-44	172
comp133195_c0_seq1	scaffold10970	81.38	188	31	3	319	505	37388	37572	2e-43	172
comp133207_c2_seq1	scaffold19489	73.68	285	43	7	855	1131	65380	65640	7e-44	174
comp133210_c1_seq1	scaffold4463	78.84	241	38	5	1	229	79202	79441	1e-50	194
comp133210_c1_seq1	scaffold4463	78.57	238	29	8	1	229	38913	38689	2e-47	183
comp133210_c1_seq1	scaffold4463	77.92	240	40	6	1	229	41372	41609	3e-46	179
comp133210_c1_seq1	scaffold4463	78.02	232	37	6	9	228	52883	52654	1e-44	174
comp133220_c0_seq1	scaffold9504	79.33	208	34	4	48	249	5115	4911	5e-44	172
comp133245_c4_seq1	scaffold59644	82.73	220	23	4	261	475	15509	15300	2e-58	221
comp133245_c4_seq10	scaffold59644	77.92	240	37	5	1	239	11086	10862	2e-48	187
comp133245_c4_seq11	scaffold59644	79.84	258	26	3	27	284	10843	10612	1e-64	241
comp133245_c4_seq11	scaffold59644	76.84	285	59	4	1	284	10394	10116	9e-54	205
comp133245_c4_seq11	scaffold59644	74.83	294	49	7	1	284	10559	10281	7e-49	188
comp133245_c4_seq11	scaffold59644	77.82	239	48	3	1	238	10228	9994	3e-47	183
comp133245_c4_seq11	scaffold59644	83.33	174	28	1	2	174	14542	14369	4e-46	179
comp133245_c4_seq12	scaffold59644	82.57	218	23	4	463	675	15507	15300	4e-57	217
comp133245_c4_seq13	scaffold32578	86.93	176	23	0	1	176	77131	76956	5e-56	214
comp133245_c4_seq14	scaffold59644	87.87	239	26	1	1	239	10263	10028	4e-82	298
comp133245_c4_seq14	scaffold59644	87.08	240	27	3	1	239	10429	10193	1e-77	284
comp133245_c4_seq14	scaffold59644	85.71	238	29	2	3	239	14576	14343	6e-74	271
comp133245_c4_seq14	scaffold59644	82.05	234	21	4	15	239	10580	10359	2e-62	233
comp133245_c4_seq14	scaffold59644	82.81	192	26	4	49	239	14834	14649	2e-48	187
comp133245_c4_seq14	scaffold59644	83.44	157	26	0	78	234	10685	10529	2e-42	167
comp133245_c4_seq16	scaffold71773	83.94	218	35	0	6	223	42269	42486	5e-63	235
comp133245_c4_seq17	scaffold59644	82.43	222	24	4	744	960	15511	15300	4e-58	221
comp133245_c4_seq17	scaffold59644	84.66	176	24	1	1	176	10228	10056	6e-50	194
comp133245_c4_seq17	scaffold59644	84.75	177	23	3	1	176	10394	10221	3e-48	188
comp133245_c4_seq17	scaffold59644	84.48	174	26	1	2	174	14542	14369	3e-48	188
comp133245_c4_seq17	scaffold59644	80.00	185	16	4	1	176	10559	10387	2e-42	168
comp133245_c4_seq18	scaffold32578	86.93	176	23	0	1	176	77131	76956	5e-56	214
comp133245_c4_seq19	scaffold32578	89.88	257	26	0	1	257	77131	76875	1e-96	347
comp133245_c4_seq2	scaffold59644	81.95	277	24	3	1	277	10862	10612	1e-77	284
comp133245_c4_seq21	scaffold59644	77.78	405	49	6	1	367	10429	10028	1e-92	334
comp133245_c4_seq21	scaffold59644	73.25	400	48	7	15	367	10580	10193	2e-70	260
comp133245_c4_seq21	scaffold59644	83.41	223	34	1	1	223	10263	10044	2e-62	233
comp133245_c4_seq21	scaffold59644	77.32	291	33	6	35	323	15195	14936	3e-61	230
comp133245_c4_seq21	scaffold59644	74.63	339	54	7	49	367	14834	14508	2e-58	221
comp133245_c4_seq21	scaffold59644	81.66	229	29	4	111	339	11077	10862	2e-57	217
comp133245_c4_seq21	scaffold59644	83.17	208	34	1	3	209	14576	14369	2e-56	214
comp133245_c4_seq21	scaffold59644	79.56	181	17	2	128	308	14997	14837	9e-43	168
comp133245_c4_seq3	scaffold59644	80.34	407	73	4	1	406	10394	9994	9e-101	361
comp133245_c4_seq3	scaffold59644	77.27	462	77	8	1	452	10559	10116	6e-97	349
comp133245_c4_seq3	scaffold59644	77.75	355	53	3	98	452	10940	10612	1e-80	295
comp133245_c4_seq3	scaffold59644	87.39	238	27	1	1	238	10228	9994	4e-80	293
comp133245_c4_seq3	scaffold59644	75.00	420	80	7	43	452	10685	10281	1e-74	275
comp133245_c4_seq3	scaffold59644	76.32	342	52	5	3	342	14683	14369	9e-69	255
comp133245_c4_seq3	scaffold59644	72.95	440	84	8	15	452	14833	14427	3e-68	253
comp133245_c4_seq3	scaffold59644	83.77	228	32	2	2	228	14542	14319	2e-64	241
comp133245_c4_seq4	scaffold59644	85.55	173	18	3	99	266	15508	15338	5e-50	192
comp133245_c4_seq6	scaffold59644	84.30	344	49	2	1	344	10394	10056	1e-103	372
comp133245_c4_seq6	scaffold59644	81.36	354	41	7	1	344	10559	10221	1e-91	333
comp133245_c4_seq6	scaffold59644	87.39	238	27	1	1	238	10228	9994	9e-80	293
comp133245_c4_seq6	scaffold59644	76.90	342	50	5	3	342	14683	14369	5e-71	264
comp133245_c4_seq6	scaffold59644	78.14	311	47	4	43	344	10685	10387	2e-68	255
comp133245_c4_seq6	scaffold59644	83.77	228	32	2	2	228	14542	14319	5e-64	241
comp133245_c4_seq6	scaffold59644	75.23	331	48	7	15	344	14833	14536	1e-59	226
comp133245_c4_seq6	scaffold59644	85.80	176	18	3	912	1082	15511	15338	6e-51	197
comp133245_c4_seq7	scaffold59644	84.30	344	49	2	1	344	10394	10056	1e-103	372
comp133245_c4_seq7	scaffold59644	81.36	354	41	7	1	344	10559	10221	1e-91	333
comp133245_c4_seq7	scaffold59644	87.39	238	27	1	1	238	10228	9994	8e-80	293
comp133245_c4_seq7	scaffold59644	76.90	342	50	5	3	342	14683	14369	4e-71	264
comp133245_c4_seq7	scaffold59644	78.14	311	47	4	43	344	10685	10387	2e-68	255
comp133245_c4_seq7	scaffold59644	83.77	228	32	2	2	228	14542	14319	5e-64	241
comp133245_c4_seq7	scaffold59644	75.23	331	48	7	15	344	14833	14536	1e-59	226
comp133245_c4_seq9	scaffold59644	84.30	344	49	2	1	344	10394	10056	1e-103	372
comp133245_c4_seq9	scaffold59644	81.36	354	41	7	1	344	10559	10221	9e-92	333
comp133245_c4_seq9	scaffold59644	87.39	238	27	1	1	238	10228	9994	8e-80	293
comp133245_c4_seq9	scaffold59644	76.90	342	50	5	3	342	14683	14369	4e-71	264
comp133245_c4_seq9	scaffold59644	78.14	311	47	4	43	344	10685	10387	2e-68	255
comp133245_c4_seq9	scaffold59644	83.77	228	32	2	2	228	14542	14319	4e-64	241
comp133245_c4_seq9	scaffold59644	75.23	331	48	7	15	344	14833	14536	1e-59	226
comp133323_c0_seq1	scaffold9504	91.28	218	12	2	2	213	66008	66224	3e-84	306
comp133323_c0_seq2	scaffold9504	91.91	272	10	3	1	266	65956	66221	4e-109	389
comp133328_c0_seq1	scaffold18558	79.68	251	47	2	513	763	61617	61863	8e-57	217
comp133328_c0_seq1	scaffold18558	77.29	251	56	1	511	760	64590	64340	3e-49	192
comp133331_c0_seq3	scaffold10970	76.62	278	49	1	500	761	12800	13077	3e-57	219
comp133331_c3_seq1	scaffold27692	80.20	197	33	5	27	220	29745	29552	2e-41	163
comp133331_c4_seq3	scaffold26337	79.17	240	39	5	3	240	96535	96765	4e-51	196
comp133331_c4_seq4	scaffold71773	78.24	340	67	5	1	337	8027	8362	1e-71	264
comp133331_c4_seq4	scaffold71773	74.76	313	64	5	26	337	29084	28786	5e-52	199
comp133331_c4_seq4	scaffold71773	75.36	276	46	7	8	281	30595	30850	4e-46	179
comp133331_c4_seq6	scaffold71773	80.63	284	50	3	1	280	8080	8362	6e-69	255
comp133331_c4_seq6	scaffold71773	76.68	283	52	2	1	280	29057	28786	1e-57	217
comp133331_c4_seq6	scaffold71773	76.21	227	33	4	1	224	30642	30850	2e-42	167
comp133343_c0_seq1	scaffold27692	84.09	220	22	4	1022	1238	5609	5400	9e-62	233
comp133350_c0_seq2	scaffold27692	78.33	203	32	3	340	532	5602	5402	2e-41	165
comp133352_c0_seq1	scaffold20302	74.73	364	82	6	1	358	54934	54575	3e-59	224
comp133353_c0_seq1	scaffold71773	76.56	273	57	3	185	454	72060	71792	6e-51	197
comp133353_c0_seq7	scaffold71773	76.56	273	57	3	611	880	72060	71792	8e-51	197
comp133415_c2_seq1	scaffold3071	73.54	495	89	15	1	474	71667	72140	4e-74	273
comp133426_c0_seq2	scaffold32578	88.00	150	14	1	1	146	49122	49271	9e-49	188
comp133426_c0_seq2	scaffold32578	86.18	152	15	1	1	146	48700	48851	1e-46	181
comp133426_c0_seq3	scaffold32578	88.00	150	14	1	1	146	49122	49271	3e-48	188
comp133426_c0_seq3	scaffold32578	86.18	152	15	1	1	146	48700	48851	4e-46	181
comp133435_c1_seq1	scaffold10970	81.60	212	28	3	258	469	49510	49310	1e-52	203
comp133441_c1_seq3	scaffold26337	79.08	196	40	1	2	197	15920	15726	1e-41	165
comp133484_c1_seq1	scaffold4463	82.55	235	31	6	6	232	95550	95782	1e-58	221
comp133484_c1_seq1	scaffold4463	79.79	193	31	3	47	232	75841	75650	2e-42	167
comp133484_c1_seq2	scaffold20302	82.86	175	19	4	5	178	71912	71748	4e-44	172
comp133484_c1_seq3	scaffold4463	79.46	224	31	6	1	216	95566	95782	2e-47	183
comp133484_c1_seq4	scaffold20302	82.07	184	22	4	6	188	71921	71748	3e-45	176
comp133484_c1_seq5	scaffold4463	82.74	226	29	6	5	222	95559	95782	1e-56	214
comp133484_c1_seq5	scaffold4463	79.79	193	31	3	37	222	75841	75650	2e-42	167
comp133519_c1_seq1	scaffold4463	82.59	224	29	5	181	398	79214	79433	7e-57	215
comp133519_c1_seq1	scaffold4463	81.20	234	34	5	170	398	41373	41601	3e-55	210
comp133519_c1_seq1	scaffold4463	80.80	224	32	6	181	398	52879	52661	2e-50	194
comp133519_c1_seq1	scaffold4463	77.25	233	32	7	170	398	38912	38697	9e-43	168
comp133520_c0_seq2	scaffold30278	81.01	179	33	1	19	196	40053	40231	5e-42	167
comp133524_c0_seq1	scaffold45727	83.58	201	30	3	1	198	71670	71870	2e-53	203
comp133551_c1_seq1	scaffold59644	87.79	131	16	0	35	165	10087	9957	2e-41	165
comp133551_c1_seq2	scaffold59644	87.79	131	16	0	35	165	10087	9957	2e-41	165
comp133558_c0_seq1	scaffold71773	80.30	203	29	6	1	200	8216	8022	2e-42	168
comp133558_c0_seq3	scaffold71773	80.50	200	27	6	3	199	8212	8022	2e-42	168
comp133597_c0_seq2	scaffold71773	78.81	236	46	4	1	234	71846	72079	3e-48	187
comp133599_c0_seq1	scaffold59644	84.02	169	21	4	472	638	56395	56559	4e-43	170
comp133599_c1_seq1	scaffold59644	76.49	268	48	5	442	700	56655	56394	5e-49	190
comp133599_c1_seq3	scaffold59644	76.49	268	48	5	364	622	56655	56394	5e-49	190
comp133608_c4_seq10	scaffold71773	73.15	391	64	12	4	367	55923	56299	8e-57	215
comp133608_c4_seq10	scaffold71773	71.32	380	79	8	1	370	21089	21448	1e-47	185
comp133608_c4_seq4	scaffold71773	71.83	387	73	10	1	371	21089	21455	4e-50	194
comp133608_c4_seq6	scaffold71773	75.91	411	60	9	1	388	21061	21455	7e-79	289
comp133608_c4_seq8	scaffold71773	72.89	391	65	12	4	367	55923	56299	4e-55	210
comp133608_c4_seq8	scaffold71773	71.13	381	80	8	1	371	21089	21449	5e-47	183
comp133608_c4_seq9	scaffold71773	72.43	370	70	10	19	364	56166	55805	2e-49	192
comp133614_c0_seq1	scaffold9504	89.27	317	17	2	1	300	66132	66448	6e-120	425
comp133614_c0_seq2	scaffold9504	86.55	223	12	3	3	208	66132	66353	4e-73	269
comp133614_c0_seq2	scaffold9504	92.09	177	10	1	207	383	66532	66704	8e-69	255
comp133614_c0_seq3	scaffold9504	93.27	223	13	2	3	224	66132	66353	2e-90	327
comp133614_c0_seq3	scaffold9504	92.09	177	10	1	223	399	66532	66704	9e-69	255
comp133614_c0_seq4	scaffold9504	94.01	317	18	1	1	316	66132	66448	3e-137	482
comp133614_c0_seq5	scaffold9504	88.07	176	16	2	133	307	66532	66703	5e-58	219
comp133676_c0_seq1	scaffold4463	99.23	1175	8	1	2	1176	4526	5699	0.0	2075
comp133676_c0_seq2	scaffold4463	96.17	1176	8	3	2	1142	4526	5699	0.0	1938
comp133680_c3_seq1	scaffold20302	76.01	271	22	2	1	228	11883	11613	2e-60	226
comp133680_c3_seq2	scaffold20302	87.80	205	22	1	2	203	11877	11673	4e-69	255
comp133680_c3_seq3	scaffold20302	91.51	271	23	0	1	271	11883	11613	5e-108	385
comp133705_c0_seq1	scaffold26337	75.13	382	61	8	135	484	27493	27872	1e-68	255
comp133710_c0_seq6	scaffold18558	80.39	204	19	9	38	227	17456	17260	2e-42	167
comp133730_c0_seq1	scaffold5354	77.49	271	48	4	424	681	60379	60649	2e-54	208
comp133730_c0_seq1	scaffold5354	79.40	199	34	4	428	620	42094	41897	7e-41	163
comp133730_c0_seq6	scaffold9504	75.30	247	58	2	58	302	101680	101435	2e-41	165
comp133730_c4_seq1	scaffold27692	75.49	257	42	5	169	412	30333	30581	7e-45	176
comp133735_c1_seq1	scaffold71773	80.21	192	28	3	255	445	57702	57884	3e-43	170
comp133735_c1_seq2	scaffold5354	76.53	473	87	9	147	602	64316	63851	2e-92	334
comp133735_c1_seq3	scaffold71773	78.82	203	32	4	141	341	57691	57884	1e-41	165
comp133756_c1_seq1	scaffold34940	73.32	491	107	12	443	931	14960	14492	1e-70	262
comp133756_c1_seq1	scaffold34940	75.32	316	62	7	534	846	38870	38568	4e-52	201
comp133756_c1_seq2	scaffold34940	73.32	491	107	12	429	917	14960	14492	1e-70	262
comp133756_c1_seq2	scaffold34940	75.32	316	62	7	520	832	38870	38568	4e-52	201
comp133756_c1_seq3	scaffold34940	73.67	452	87	11	66	511	14953	14528	9e-70	259
comp133756_c1_seq3	scaffold34940	79.00	319	49	7	150	466	38870	38568	9e-70	259
comp133767_c0_seq1	scaffold34940	86.82	622	47	7	2	596	6905	7518	0.0	753
comp133767_c0_seq2	scaffold34940	91.01	467	34	1	56	522	7060	7518	0.0	655
comp133783_c0_seq2	scaffold71773	80.18	227	45	0	1	227	2086	1860	5e-54	206
comp133783_c0_seq2	scaffold71773	79.65	226	41	2	1	221	2266	2041	9e-51	196
comp133783_c0_seq2	scaffold71773	73.33	315	73	4	1	306	1911	1599	2e-46	181
comp133818_c0_seq1	scaffold27692	79.20	226	39	4	17	240	53040	53259	3e-47	185
comp133874_c1_seq1	scaffold27692	78.12	224	33	6	10	222	79513	79731	1e-43	170
comp133874_c1_seq1	scaffold27692	77.23	224	40	5	6	223	78529	78747	8e-41	161
comp133874_c1_seq1	scaffold27692	76.99	226	41	5	6	225	79947	80167	8e-41	161
comp133899_c0_seq1	scaffold59644	80.86	209	28	3	78	275	46162	45955	2e-50	194
comp133899_c0_seq2	scaffold59644	80.86	209	28	3	95	292	46162	45955	2e-50	194
comp133909_c0_seq2	scaffold71773	75.93	270	47	7	11	269	56033	56295	1e-45	179
comp133912_c0_seq1	scaffold26960	79.81	208	37	4	782	988	64382	64179	2e-43	172
comp133952_c0_seq1	scaffold31723	82.90	193	29	2	1	193	13832	14020	1e-50	194
comp133952_c5_seq1	scaffold15463	74.87	374	72	9	235	598	81528	81167	5e-61	230
comp133952_c5_seq1	scaffold15463	78.38	222	42	5	229	445	81835	81615	5e-42	167
comp133952_c5_seq3	scaffold34940	75.95	237	44	4	25	252	14430	14662	7e-42	165
comp133952_c5_seq4	scaffold15463	78.83	222	46	1	1	221	81601	81380	8e-48	185
comp133952_c5_seq4	scaffold15463	77.64	246	49	4	1	241	81901	81657	3e-47	183
comp133952_c5_seq5	scaffold15463	74.87	374	72	9	133	496	81528	81167	4e-61	230
comp133952_c5_seq5	scaffold15463	78.38	222	42	5	127	343	81835	81615	4e-42	167
comp133952_c5_seq6	scaffold15463	75.93	349	74	7	1	342	82002	81657	1e-60	228
comp133952_c5_seq6	scaffold15463	79.67	241	48	1	83	322	81620	81380	3e-55	210
comp133952_c5_seq8	scaffold34940	75.19	266	44	7	38	289	39387	39644	2e-43	170
comp133966_c0_seq3	scaffold31723	86.16	224	23	2	1	223	14048	13832	5e-71	262
comp133966_c1_seq2	scaffold34940	78.60	257	44	4	1	247	37912	37657	9e-55	208
comp133966_c2_seq1	scaffold34940	74.78	337	67	8	18	342	45758	46088	6e-53	205
comp133976_c0_seq1	scaffold4463	85.03	167	22	2	1	164	22291	22125	2e-47	183
comp134029_c1_seq1	scaffold26337	81.63	196	33	2	31	223	146582	146777	7e-48	185
comp134029_c1_seq1	scaffold26337	79.59	196	37	2	31	223	141254	141059	2e-42	167
comp134048_c5_seq1	scaffold5354	76.92	234	47	4	2314	2546	60646	60419	2e-41	167
comp134048_c5_seq2	scaffold5354	76.92	234	47	4	447	679	60646	60419	6e-42	167
comp134048_c5_seq3	scaffold5354	83.25	203	31	3	1	202	60619	60419	2e-53	203
comp134048_c5_seq3	scaffold5354	83.52	176	26	3	1	175	18292	18465	3e-45	176
comp134048_c5_seq5	scaffold5354	76.92	234	47	4	798	1030	60646	60419	9e-42	167
comp134048_c5_seq7	scaffold27692	85.96	171	20	3	1	168	5561	5392	2e-49	190
comp134089_c1_seq1	scaffold9504	78.61	201	41	1	1	201	63014	63212	2e-42	167
comp134102_c2_seq1	scaffold10970	80.95	231	41	2	1	229	13039	12810	5e-56	212
comp134111_c0_seq2	scaffold71773	73.61	341	53	11	1	305	8360	8021	8e-50	194
comp134113_c0_seq1	scaffold26960	75.79	442	93	11	2	432	4481	4043	2e-75	279
comp134137_c0_seq1	scaffold26337	77.21	272	47	3	331	587	15762	16033	1e-55	212
comp134184_c3_seq3	scaffold27692	81.42	226	28	4	413	635	5388	5602	5e-56	214
comp134184_c3_seq6	scaffold27692	81.42	226	28	4	413	635	5388	5602	6e-56	214
comp134216_c0_seq1	scaffold15463	81.31	198	31	1	15	212	55399	55208	2e-49	192
comp134223_c0_seq10	scaffold15463	79.35	247	39	6	60	296	79729	79973	9e-52	199
comp134223_c0_seq11	scaffold15463	76.47	340	48	9	1	310	79636	79973	3e-64	241
comp134223_c0_seq2	scaffold15463	79.84	248	30	5	55	285	79729	79973	3e-57	217
comp134223_c0_seq4	scaffold15463	83.00	253	31	5	55	303	79729	79973	2e-67	251
comp134223_c0_seq4	scaffold15463	80.19	212	29	7	47	254	80045	80247	4e-44	174
comp134223_c0_seq5	scaffold15463	78.42	292	37	7	1	289	79705	79973	1e-62	235
comp134223_c0_seq5	scaffold15463	79.84	243	24	8	1	240	80027	80247	2e-53	205
comp134223_c0_seq6	scaffold15463	76.47	340	48	9	1	310	79636	79973	3e-64	241
comp134223_c0_seq7	scaffold15463	78.42	292	37	7	1	289	79705	79973	1e-62	235
comp134223_c0_seq7	scaffold15463	79.84	243	24	8	1	240	80027	80247	2e-53	205
comp134223_c0_seq8	scaffold15463	83.00	253	31	5	55	303	79729	79973	2e-67	251
comp134223_c0_seq8	scaffold15463	80.19	212	29	7	47	254	80045	80247	4e-44	174
comp134223_c0_seq9	scaffold15463	75.97	283	53	9	14	284	79928	80207	1e-45	178
comp134223_c0_seq9	scaffold15463	75.38	264	49	6	29	281	79623	79881	2e-43	170
comp134243_c2_seq3	scaffold15463	79.89	189	22	2	1	173	80505	80693	4e-45	176
comp134243_c2_seq4	scaffold15463	76.66	317	46	4	79	375	80385	80693	6e-66	246
comp134243_c2_seq5	scaffold15463	77.08	301	41	4	18	298	80401	80693	8e-64	239
comp134254_c0_seq2	scaffold15463	82.29	175	22	2	13	178	79720	79546	7e-45	176
comp134281_c1_seq1	scaffold30278	85.88	170	22	1	207	374	40244	40075	6e-51	196
comp134281_c1_seq10	scaffold71773	84.77	197	26	2	77	270	24156	23961	8e-57	215
comp134281_c1_seq3	scaffold30278	82.59	201	35	0	71	271	40249	40049	2e-53	205
comp134281_c1_seq4	scaffold30278	82.74	197	34	0	220	416	40245	40049	1e-52	203
comp134281_c1_seq5	scaffold71773	84.77	197	26	2	217	410	24156	23961	1e-56	215
comp134281_c1_seq6	scaffold71773	88.28	128	15	0	222	349	24156	24029	4e-41	163
comp134281_c1_seq7	scaffold30278	85.88	170	22	1	216	383	40244	40075	7e-51	196
comp134281_c1_seq8	scaffold71773	84.77	197	26	2	208	401	24156	23961	1e-56	215
comp134284_c5_seq1	scaffold45727	87.65	170	19	2	1	169	21664	21496	1e-53	205
comp134284_c5_seq2	scaffold45727	88.02	167	18	2	1	166	21664	21499	3e-53	205
comp134284_c5_seq3	scaffold45727	87.82	156	17	2	1	155	21664	21510	8e-49	188
comp134285_c1_seq5	scaffold15463	78.12	288	44	3	1	269	48463	48176	8e-64	239
comp134295_c0_seq1	scaffold59644	80.09	211	33	4	6	210	46140	45933	8e-47	181
comp134295_c0_seq1	scaffold59644	82.35	170	22	4	45	213	36000	35838	7e-41	161
comp134314_c1_seq1	scaffold71773	79.25	212	30	6	815	1013	8385	8175	7e-43	170
comp134319_c0_seq1	scaffold26337	69.64	494	122	17	63	543	141267	140789	8e-41	163
comp134325_c0_seq1	scaffold10970	80.22	182	35	1	759	939	12800	12981	1e-40	163
comp134327_c0_seq1	scaffold15463	81.03	174	24	1	98	271	30516	30352	6e-43	168
comp134327_c2_seq2	scaffold15463	84.63	410	43	5	1	403	31068	30672	7e-128	452
comp134327_c2_seq3	scaffold15463	83.02	324	35	5	17	333	30982	30672	4e-92	333
comp134334_c2_seq1	scaffold71773	85.95	185	24	1	18	202	35706	35524	1e-56	214
comp134334_c2_seq2	scaffold71773	83.15	178	28	1	26	203	35699	35524	2e-47	183
comp134334_c2_seq3	scaffold5354	77.16	232	27	6	31	248	64222	64003	4e-45	176
comp134340_c0_seq1	scaffold26960	82.16	213	34	2	435	647	64373	64165	3e-54	208
comp134340_c0_seq2	scaffold26960	82.16	213	34	2	317	529	64373	64165	2e-54	208
comp134343_c0_seq1	scaffold10970	88.68	159	18	0	119	277	99334	99176	3e-54	206
comp134343_c0_seq5	scaffold10970	87.95	166	19	1	496	660	99341	99176	6e-54	206
comp134343_c0_seq6	scaffold10970	87.95	166	19	1	74	238	99341	99176	2e-54	206
comp134349_c0_seq1	scaffold71773	85.33	184	26	1	1	183	15539	15356	9e-54	206
comp134354_c0_seq1	scaffold27692	85.07	221	29	2	52	270	35060	34842	1e-65	244
comp134367_c0_seq1	scaffold71773	84.62	234	32	3	1	232	21209	21440	8e-67	250
comp134367_c0_seq2	scaffold71773	84.62	234	32	3	1	232	21209	21440	7e-67	250
comp134367_c0_seq3	scaffold71773	84.62	234	32	3	1	232	21209	21440	3e-67	250
comp134417_c0_seq1	scaffold15463	77.70	287	38	5	395	677	45692	45956	6e-61	230
comp134417_c0_seq2	scaffold45727	74.09	274	46	6	685	936	81084	80814	8e-43	170
comp134417_c4_seq1	scaffold15463	77.15	337	55	5	57	387	45764	46084	1e-69	259
comp134417_c4_seq3	scaffold15463	76.20	353	61	6	57	403	45764	46099	1e-67	251
comp134424_c0_seq6	scaffold32578	77.48	222	42	2	12	229	78901	78684	2e-44	174
comp134457_c0_seq1	scaffold18558	81.22	362	54	7	448	804	44755	44403	4e-90	327
comp134457_c0_seq2	scaffold5354	79.92	244	35	3	12	251	57253	57486	4e-58	219
comp134457_c0_seq3	scaffold18558	81.30	369	55	7	448	811	44755	44396	8e-93	336
comp134490_c3_seq1	scaffold4463	82.81	192	30	1	3	194	42311	42499	8e-51	196
comp134490_c3_seq2	scaffold30278	74.72	269	54	4	1	261	30838	30576	1e-44	174
comp134490_c3_seq4	scaffold4463	78.29	281	39	6	1	277	42213	42475	1e-59	224
comp134490_c3_seq5	scaffold4463	83.96	212	27	4	2	210	42291	42498	2e-57	217
comp134490_c3_seq6	scaffold4463	82.81	192	30	1	3	194	42311	42499	8e-51	196
comp134494_c2_seq1	scaffold71773	78.87	213	37	5	611	819	55809	56017	7e-42	167
comp134494_c2_seq2	scaffold71773	78.76	226	40	5	626	847	55809	56030	1e-44	176
comp134494_c2_seq3	scaffold71773	78.76	226	40	5	613	834	55809	56030	1e-44	176
comp134510_c0_seq1	scaffold15463	72.73	319	51	10	36	326	79823	80133	6e-43	170
comp134510_c0_seq3	scaffold15463	71.86	334	59	9	37	342	79807	80133	7e-43	170
comp134510_c0_seq5	scaffold15463	81.82	187	30	4	1	185	79916	80100	1e-43	170
comp134516_c0_seq1	scaffold4463	79.34	271	50	5	361	628	95538	95805	2e-57	219
comp134516_c0_seq1	scaffold4463	82.33	215	35	2	414	626	75842	75629	9e-55	210
comp134517_c1_seq1	scaffold4463	79.91	229	34	5	26	253	26961	26744	2e-50	194
comp134542_c0_seq1	scaffold5354	76.68	343	58	8	191	519	22927	23261	1e-64	242
comp134542_c0_seq1	scaffold5354	72.84	324	65	6	194	504	31341	31654	3e-46	181
comp134542_c0_seq2	scaffold5354	76.68	343	58	8	209	537	22927	23261	1e-64	242
comp134542_c0_seq2	scaffold5354	72.84	324	65	6	212	522	31341	31654	3e-46	181
comp134548_c2_seq2	scaffold71773	70.76	383	70	10	120	469	28033	28406	8e-46	179
comp134587_c0_seq1	scaffold20302	74.38	320	66	9	23	330	85515	85830	3e-46	181
comp134587_c0_seq2	scaffold20302	76.66	664	120	13	1	640	85156	85808	2e-133	471
comp134587_c0_seq2	scaffold20302	70.67	433	113	7	95	519	85578	86004	8e-49	190
comp134587_c0_seq3	scaffold20302	76.81	664	115	15	1	636	85156	85808	1e-133	471
comp134587_c0_seq3	scaffold20302	69.87	531	136	13	2	515	85481	86004	1e-51	199
comp134587_c0_seq4	scaffold20302	78.60	584	105	11	1	575	85236	85808	1e-129	459
comp134587_c0_seq4	scaffold20302	71.43	462	118	7	1	454	85549	86004	2e-57	219
comp134587_c0_seq5	scaffold20302	77.51	289	53	7	23	303	85515	85799	1e-54	208
comp134607_c0_seq1	scaffold27692	82.33	215	16	4	1	194	34848	35061	9e-58	219
comp134610_c3_seq1	scaffold20302	81.31	214	29	4	761	972	1735	1939	5e-51	197
comp134617_c2_seq1	scaffold31723	83.95	162	23	2	280	439	73539	73379	1e-42	168
comp134617_c2_seq10	scaffold4463	85.42	144	21	0	25	168	77451	77594	1e-41	165
comp134617_c2_seq12	scaffold4463	80.80	250	28	3	44	293	77365	77594	7e-64	239
comp134617_c2_seq13	scaffold31723	83.95	162	23	2	332	491	73539	73379	1e-42	168
comp134617_c2_seq2	scaffold31723	83.95	162	23	2	399	558	73539	73379	1e-42	168
comp134617_c2_seq3	scaffold4463	76.44	399	39	7	44	438	77365	77712	1e-86	315
comp134617_c2_seq5	scaffold4463	80.80	250	28	4	44	291	77365	77596	1e-62	235
comp134617_c2_seq7	scaffold4463	74.50	251	27	6	36	265	77362	77596	3e-43	170
comp134617_c2_seq8	scaffold4463	85.42	144	21	0	77	220	77451	77594	1e-41	165
comp134617_c2_seq9	scaffold4463	74.40	250	27	6	128	356	77363	77596	1e-42	168
comp134657_c5_seq1	scaffold71773	78.60	243	35	7	156	388	63641	63406	1e-48	188
comp134657_c5_seq2	scaffold71773	78.30	235	34	7	50	274	63633	63406	2e-45	178
comp134657_c5_seq3	scaffold71773	79.45	253	34	8	13	254	63649	63404	3e-53	203
comp134657_c5_seq5	scaffold71773	84.87	152	22	1	5	156	63554	63404	6e-42	167
comp134657_c5_seq6	scaffold71773	79.32	237	32	7	50	276	63633	63404	2e-49	190
comp134657_c5_seq7	scaffold71773	78.49	251	36	8	13	252	63649	63406	3e-49	190
comp134678_c1_seq1	scaffold59644	83.14	172	28	1	10	181	56575	56405	4e-45	176
comp134678_c5_seq5	scaffold59644	81.25	192	22	5	1	189	56623	56803	1e-44	174
comp134682_c0_seq1	scaffold26337	93.50	123	6	2	17	138	154778	154899	4e-46	179
comp134682_c0_seq2	scaffold26337	93.50	123	6	2	17	138	154778	154899	5e-46	179
comp134684_c0_seq1	scaffold18558	85.84	226	28	4	461	684	948	725	6e-67	250
comp134684_c0_seq2	scaffold18558	84.05	257	35	4	1	256	903	652	4e-72	266
comp134684_c0_seq4	scaffold18558	87.32	284	30	5	1	281	903	623	3e-92	333
comp134687_c1_seq1	scaffold45727	78.82	203	40	2	465	664	71770	71568	6e-42	167
comp134720_c1_seq1	scaffold19489	76.60	235	54	1	1	234	30657	30423	2e-43	172
comp134720_c1_seq2	scaffold19489	76.60	235	54	1	1	234	30657	30423	1e-43	172
