comp101573_c0_seq1	scaffold32578	98.34	422	6	1	1	422	55507	55927	0.0	739
comp103000_c0_seq1	scaffold59644	98.31	118	2	0	105	222	2781	2664	1e-54	207
comp106307_c0_seq1	scaffold27692	89.60	173	17	1	29	201	71732	71903	4e-58	219
comp106521_c1_seq1	scaffold71773	99.73	367	1	0	1	367	44013	44379	0.0	673
comp106521_c1_seq2	scaffold71773	98.87	265	2	1	170	433	44115	44379	6e-134	472
comp109139_c0_seq1	scaffold71773	97.35	791	8	1	1	791	12356	11579	0.0	1332
comp109611_c0_seq1	scaffold26960	99.54	652	2	1	1	652	51614	50964	0.0	1186
comp111425_c0_seq1	scaffold10970	85.11	188	16	7	32	218	90620	90444	6e-47	182
comp111891_c0_seq1	scaffold18558	98.64	295	3	1	1	295	43810	44103	4e-149	521
comp111891_c1_seq1	scaffold18558	100.00	213	0	0	209	421	43600	43388	1e-110	394
comp112069_c0_seq1	scaffold71773	99.53	212	1	0	1	212	33598	33809	1e-108	387
comp112069_c1_seq1	scaffold71773	99.27	274	2	0	1	274	33127	33400	2e-141	496
comp113950_c0_seq1	scaffold4463	81.86	215	38	1	4	217	46889	47103	2e-46	180
comp115109_c0_seq1	scaffold9504	83.54	322	23	13	1	299	69164	68850	1e-74	274
comp115_c0_seq1	scaffold20302	94.15	188	6	5	20	205	65108	64924	5e-77	281
comp116494_c0_seq1	scaffold9504	90.59	202	17	2	1	202	64042	64241	1e-72	267
comp116510_c0_seq2	scaffold15463	92.05	239	18	1	1	238	66313	66075	6e-93	335
comp116679_c0_seq1	scaffold71773	87.56	209	24	2	1	208	42505	42298	9e-65	241
comp116679_c0_seq2	scaffold59644	84.54	207	27	2	1	206	14340	14542	2e-52	200
comp116983_c0_seq1	scaffold59644	86.55	171	18	4	5	171	73493	73324	2e-47	183
comp117173_c0_seq1	scaffold27692	91.29	425	35	2	1	424	40450	40027	4e-166	579
comp117173_c0_seq2	scaffold27692	91.74	339	27	1	20	358	40364	40027	2e-133	470
comp117641_c0_seq1	scaffold71773	99.29	140	1	0	1	140	17204	17065	1e-68	254
comp117641_c0_seq1	scaffold71773	100.00	130	0	0	138	267	15786	15657	1e-64	241
comp117641_c1_seq1	scaffold71773	99.46	186	1	0	88	273	13814	13999	4e-94	339
comp117641_c1_seq1	scaffold71773	100.00	92	0	0	1	92	13234	13325	2e-43	171
comp117679_c1_seq1	scaffold10970	85.35	157	21	2	81	237	65264	65110	8e-41	161
comp117679_c1_seq3	scaffold10970	85.35	157	21	2	86	242	65264	65110	9e-41	161
comp118243_c1_seq1	scaffold10970	89.25	186	19	1	14	199	64106	63922	6e-62	231
comp119707_c0_seq1	scaffold26337	92.23	412	17	2	1	411	107345	106948	2e-163	569
comp120663_c0_seq1	scaffold15463	95.45	198	9	0	19	216	65539	65736	1e-87	316
comp122945_c0_seq1	scaffold31723	89.42	520	38	5	1	510	44743	44231	0.0	640
comp122945_c0_seq2	scaffold31723	89.59	461	31	5	181	631	44684	44231	3e-163	569
comp123003_c0_seq2	scaffold15463	85.05	321	37	4	1	316	78085	77771	5e-87	316
comp123577_c0_seq1	scaffold27692	87.26	157	12	8	32	181	2870	3025	1e-43	172
comp123877_c0_seq1	scaffold19489	82.94	428	40	15	1	425	21722	22119	7e-99	355
comp124043_c1_seq1	scaffold18558	93.18	132	5	1	111	242	3721	3594	1e-49	191
comp124406_c0_seq1	scaffold71773	86.60	209	27	1	1	209	42416	42209	2e-61	230
comp124542_c0_seq3	scaffold71773	85.52	221	13	11	34	236	70046	69827	2e-56	213
comp124703_c0_seq1	scaffold15463	87.18	273	34	1	1	272	53000	53272	3e-85	309
comp124703_c0_seq4	scaffold15463	86.92	237	13	5	340	568	52779	53005	4e-67	250
comp124703_c0_seq5	scaffold15463	87.94	257	30	1	23	278	53016	53272	6e-83	302
comp124865_c0_seq1	scaffold20302	85.65	216	20	7	1	206	6039	5825	1e-57	217
comp124865_c0_seq2	scaffold20302	85.57	194	17	7	80	263	6017	5825	3e-50	193
comp125032_c0_seq1	scaffold4463	88.18	203	22	1	10	212	20604	20404	9e-65	241
comp125421_c0_seq1	scaffold32578	89.97	289	20	3	1	287	43527	43808	8e-102	364
comp125867_c0_seq1	scaffold34940	93.24	148	10	0	175	322	5152	5299	7e-58	219
comp126282_c1_seq1	scaffold10970	89.96	259	12	7	1	257	12248	12494	4e-89	322
comp126282_c1_seq2	scaffold10970	91.56	225	16	3	1	223	11999	12222	9e-85	307
comp126949_c0_seq1	scaffold11875	89.74	195	19	1	10	203	67092	67286	5e-67	248
comp126949_c0_seq2	scaffold11875	83.17	315	40	9	12	316	67092	67403	4e-75	276
comp127378_c0_seq1	scaffold15463	84.56	434	60	3	1	433	16421	15994	2e-119	424
comp127378_c0_seq2	scaffold15463	85.22	203	30	0	4	206	16196	15994	2e-55	209
comp127378_c0_seq3	scaffold15463	83.41	428	59	7	1	416	16421	15994	2e-108	387
comp127383_c1_seq1	scaffold19489	86.52	319	39	4	1	318	79032	78717	1e-96	348
comp127639_c2_seq1	scaffold15463	83.20	244	40	1	33	276	27148	27390	5e-59	222
comp127667_c0_seq1	scaffold15463	88.67	150	12	2	1	145	82112	82261	1e-45	178
comp128022_c0_seq1	scaffold10970	86.49	370	24	8	1	356	92617	92260	2e-107	383
comp128022_c0_seq3	scaffold10970	86.12	245	24	5	94	333	92499	92260	5e-69	255
comp128482_c0_seq1	scaffold71773	99.20	628	5	0	1	628	45751	45124	0.0	1133
comp128838_c0_seq1	scaffold11875	85.20	250	37	0	222	471	67418	67169	2e-69	257
comp128838_c0_seq2	scaffold11875	85.20	250	37	0	519	768	67418	67169	3e-69	257
comp129603_c0_seq1	scaffold31723	90.02	631	43	9	4	631	44798	45411	0.0	798
comp129603_c0_seq2	scaffold31723	91.75	206	14	2	4	207	44798	45002	3e-77	283
comp129668_c0_seq1	scaffold31723	85.36	403	27	13	1	387	40763	41149	8e-109	388
comp130116_c1_seq1	scaffold4463	84.58	240	18	12	34	273	5890	6110	2e-58	220
comp130116_c1_seq2	scaffold4463	84.91	232	18	10	2716	2947	5896	6110	6e-57	219
comp130249_c0_seq1	scaffold59644	96.49	171	3	1	1	171	168	1	5e-76	279
comp130249_c0_seq2	scaffold59644	94.55	110	3	1	22	131	107	1	4e-42	167
comp130267_c1_seq1	scaffold15463	91.90	210	15	2	1	209	89328	89120	2e-80	292
comp130267_c1_seq3	scaffold15463	85.00	260	26	7	1	253	89501	89248	7e-68	252
comp130292_c0_seq1	scaffold4463	93.10	261	14	2	239	498	65502	65759	5e-106	379
comp130292_c0_seq2	scaffold4463	93.10	261	14	2	174	433	65502	65759	4e-106	379
comp130296_c1_seq2	scaffold9504	91.08	157	12	2	92	247	60668	60823	1e-55	211
comp130602_c1_seq1	scaffold4463	99.84	4497	6	1	20	4516	30153	34648	0.0	8264
comp130723_c0_seq1	scaffold10970	89.36	188	19	1	1	187	90333	90146	4e-63	235
comp130723_c0_seq2	scaffold10970	88.08	260	30	1	341	599	90405	90146	3e-84	307
comp130723_c0_seq3	scaffold10970	90.04	271	25	2	341	610	90405	90136	5e-97	350
comp131079_c0_seq5	scaffold45727	96.15	104	4	0	1	104	69198	69095	1e-43	171
comp131388_c0_seq1	scaffold18558	89.20	213	23	0	1	213	15989	15777	2e-72	267
comp131388_c0_seq2	scaffold18558	89.29	448	44	3	135	582	16450	16007	6e-160	558
comp131480_c1_seq2	scaffold32578	87.09	395	36	8	58	444	5254	4867	3e-122	433
comp131480_c1_seq4	scaffold32578	88.52	366	35	4	4	368	5227	4868	2e-123	436
comp131480_c1_seq7	scaffold32578	89.85	325	28	4	2	324	5189	4868	3e-116	412
comp131758_c0_seq1	scaffold10970	90.46	241	21	2	379	619	54442	54204	5e-87	316
comp131758_c0_seq2	scaffold10970	90.46	241	21	2	575	815	54442	54204	6e-87	316
comp131758_c1_seq1	scaffold10970	87.79	213	20	1	1	207	54017	54229	7e-66	244
comp131796_c1_seq1	scaffold31723	92.53	308	17	3	211	518	43861	43560	5e-123	436
comp131914_c1_seq1	scaffold5354	94.01	167	10	0	128	294	26765	26931	2e-68	254
comp131914_c1_seq2	scaffold5354	93.01	229	12	2	167	394	26765	26990	1e-91	331
comp132078_c0_seq1	scaffold9504	88.76	258	18	2	1	247	68017	68274	4e-84	305
comp132078_c1_seq1	scaffold9504	88.49	252	22	2	1	251	68461	68216	6e-82	298
comp132078_c1_seq2	scaffold9504	91.82	269	16	1	2	270	68478	68216	1e-103	370
comp132247_c0_seq1	scaffold15463	91.40	221	14	3	169	384	88955	89175	1e-81	298
comp132247_c0_seq2	scaffold15463	91.40	221	14	3	228	443	88955	89175	1e-81	298
comp132272_c0_seq2	scaffold71773	88.59	149	16	1	1	148	87494	87346	6e-46	180
comp132362_c0_seq1	scaffold11875	92.22	347	26	1	4	349	34503	34157	1e-139	490
comp132495_c0_seq5	scaffold26337	88.24	204	18	4	3	201	28056	27854	3e-64	239
comp132495_c0_seq8	scaffold26337	88.16	228	21	4	9	231	28085	27859	2e-72	267
comp132679_c0_seq1	scaffold27692	84.68	248	32	5	3	244	31638	31391	3e-65	243
comp132800_c0_seq3	scaffold26337	85.71	203	28	1	1	202	113753	113955	2e-56	213
comp132800_c0_seq6	scaffold26337	87.26	212	25	2	4	213	113742	113953	9e-65	241
comp132876_c0_seq1	scaffold10970	85.78	225	24	5	2	225	55551	55768	6e-62	231
comp132922_c0_seq1	scaffold18558	99.11	112	1	0	275	386	60376	60265	1e-52	202
comp132922_c0_seq1	scaffold18558	99.00	100	1	0	177	276	61502	61403	6e-46	180
comp132922_c0_seq1	scaffold18558	98.91	92	0	1	383	474	57874	57784	6e-41	163
comp132922_c0_seq2	scaffold18558	98.40	313	5	0	1	313	69615	69303	2e-157	551
comp132922_c0_seq2	scaffold18558	99.36	157	1	0	310	466	65099	64943	2e-77	285
comp132922_c0_seq2	scaffold18558	98.51	134	2	0	462	595	64199	64066	7e-63	237
comp132922_c0_seq2	scaffold18558	100.00	112	0	0	780	891	60236	60125	6e-54	207
comp132922_c0_seq2	scaffold18558	100.00	101	0	0	682	782	61502	61402	7e-48	187
comp132922_c0_seq2	scaffold18558	98.94	94	1	0	592	685	62392	62299	3e-42	169
comp132931_c2_seq1	scaffold71773	98.54	1512	9	6	1	1512	26750	25252	0.0	2658
comp132931_c2_seq2	scaffold71773	96.39	664	11	3	10	672	26643	25992	0.0	1081
comp132931_c2_seq3	scaffold71773	97.54	771	7	2	1	771	26750	25992	0.0	1308
comp132931_c2_seq4	scaffold71773	95.17	393	7	4	1446	1838	26372	25992	6e-175	610
comp132931_c2_seq5	scaffold71773	98.08	1405	13	7	10	1413	26643	25252	0.0	2433
comp132931_c2_seq6	scaffold71773	98.06	1134	9	5	1446	2579	26372	25252	0.0	1960
comp133054_c4_seq8	scaffold20302	84.93	219	27	5	1	214	10776	10559	2e-57	217
comp133122_c0_seq1	scaffold10970	89.29	196	19	2	1	196	94815	95008	3e-65	244
comp133122_c0_seq3	scaffold10970	89.23	195	19	2	1	195	94815	95007	6e-65	243
comp133122_c0_seq7	scaffold10970	89.29	196	19	2	1	196	94815	95008	3e-65	244
comp133245_c4_seq11	scaffold32578	89.03	155	17	0	1	155	77131	76977	4e-50	193
comp133245_c4_seq13	scaffold32578	86.93	176	23	0	1	176	77131	76956	2e-51	198
comp133245_c4_seq14	scaffold59644	86.52	230	26	3	11	239	14568	14343	6e-67	248
comp133245_c4_seq16	scaffold59644	84.00	200	31	1	11	209	14568	14369	1e-49	191
comp133245_c4_seq17	scaffold32578	86.93	176	23	0	1	176	77131	76956	3e-51	198
comp133245_c4_seq18	scaffold32578	86.93	176	23	0	1	176	77131	76956	2e-51	198
comp133245_c4_seq19	scaffold32578	89.88	257	26	0	1	257	77131	76875	7e-92	331
comp133245_c4_seq21	scaffold59644	84.00	200	31	1	11	209	14568	14369	2e-49	191
comp133245_c4_seq21	scaffold59644	83.02	212	26	3	128	339	11063	10862	3e-47	183
comp133245_c4_seq3	scaffold32578	91.18	238	21	0	1	238	77131	76894	2e-89	324
comp133245_c4_seq6	scaffold32578	91.18	238	21	0	1	238	77131	76894	5e-89	324
comp133245_c4_seq7	scaffold32578	91.18	238	21	0	1	238	77131	76894	4e-89	324
comp133245_c4_seq9	scaffold32578	91.18	238	21	0	1	238	77131	76894	4e-89	324
comp133323_c0_seq1	scaffold9504	91.28	218	12	2	2	213	66008	66224	9e-80	291
comp133323_c0_seq2	scaffold9504	91.91	272	10	3	1	266	65956	66221	1e-103	370
comp133614_c0_seq1	scaffold9504	89.27	317	17	13	1	300	66132	66448	7e-107	381
comp133614_c0_seq2	scaffold9504	95.03	161	8	0	223	383	66544	66704	2e-68	254
comp133614_c0_seq2	scaffold9504	93.94	165	8	2	3	166	66132	66295	1e-66	248
comp133614_c0_seq3	scaffold9504	93.27	223	13	2	3	224	66132	66353	1e-90	327
comp133614_c0_seq3	scaffold9504	95.03	161	8	0	239	399	66544	66704	2e-68	254
comp133614_c0_seq4	scaffold9504	94.01	317	18	1	1	316	66132	66448	3e-136	479
comp133676_c0_seq1	scaffold4463	99.74	1157	2	1	20	1176	4544	5699	0.0	2119
comp133676_c0_seq2	scaffold4463	99.64	842	1	2	301	1142	4860	5699	0.0	1537
comp133676_c0_seq2	scaffold4463	99.65	282	1	0	20	301	4544	4825	8e-147	516
comp133680_c3_seq2	scaffold20302	87.80	205	22	3	2	203	11877	11673	1e-63	237
comp133680_c3_seq3	scaffold20302	91.51	271	23	0	1	271	11883	11613	1e-104	374
comp133767_c0_seq1	scaffold34940	87.30	622	44	18	2	596	6905	7518	0.0	678
comp133767_c0_seq2	scaffold34940	91.01	467	34	1	56	522	7060	7518	2e-179	623
comp133966_c0_seq3	scaffold31723	88.00	200	23	1	25	223	14031	13832	7e-63	235
comp134284_c5_seq1	scaffold45727	88.02	167	18	2	1	166	21664	21499	3e-51	196
comp134284_c5_seq2	scaffold45727	88.02	167	18	2	1	166	21664	21499	9e-51	196
comp134327_c2_seq2	scaffold15463	85.57	409	41	12	1	403	31068	30672	5e-116	412
comp134327_c2_seq3	scaffold15463	83.90	323	34	12	17	333	30982	30672	6e-80	292
comp134334_c2_seq1	scaffold45727	90.37	135	11	1	67	201	58791	58659	2e-45	176
comp134334_c2_seq2	scaffold45727	88.89	135	13	1	68	202	58791	58659	5e-42	165
comp134490_c3_seq4	scaffold4463	80.07	281	34	13	1	277	42213	42475	4e-49	189
comp134762_c6_seq5	scaffold71773	88.26	230	24	3	7	235	8252	8025	1e-73	272
comp134762_c6_seq5	scaffold71773	87.70	187	18	4	27	213	28905	29086	7e-56	213
comp134783_c3_seq1	scaffold71773	84.13	271	28	11	1019	1282	41521	41783	4e-66	248
comp134783_c3_seq13	scaffold59644	84.90	298	35	6	1	294	15492	15201	4e-80	292
comp134783_c3_seq14	scaffold71773	84.13	271	28	11	800	1063	41521	41783	3e-66	248
comp134783_c3_seq3	scaffold71773	85.23	176	14	8	800	969	41521	41690	9e-43	171
comp134783_c3_seq5	scaffold71773	85.23	176	14	8	1019	1188	41521	41690	1e-42	171
comp134783_c3_seq8	scaffold71773	84.08	201	19	9	32	226	41521	41714	6e-47	182
comp134783_c3_seq9	scaffold59644	92.70	137	10	0	1	137	15492	15356	5e-52	198
comp134853_c0_seq1	scaffold32578	85.11	282	42	0	233	514	61176	60895	2e-78	289
comp134923_c0_seq2	scaffold71773	87.50	176	21	1	164	339	1797	1971	5e-52	202
comp134985_c2_seq1	scaffold10970	83.50	200	29	4	40	238	15521	15717	2e-47	183
comp135031_c0_seq2	scaffold27692	88.49	139	11	1	1	139	73396	73263	2e-41	163
comp135182_c0_seq1	scaffold5354	86.27	153	18	2	78	229	68208	68058	3e-41	163
comp135182_c0_seq2	scaffold20302	95.38	130	3	3	348	474	57835	57964	3e-53	204
comp135182_c0_seq3	scaffold20302	94.33	141	4	4	47	183	57824	57964	2e-56	213
comp135182_c0_seq4	scaffold20302	94.33	141	4	4	47	183	57824	57964	3e-56	213
comp135182_c0_seq6	scaffold20302	95.38	130	3	3	348	474	57835	57964	3e-53	204
comp135182_c0_seq8	scaffold20302	94.74	133	4	3	41	170	57832	57964	2e-53	204
comp135188_c3_seq1	scaffold26337	83.85	192	30	1	4	194	26494	26685	2e-46	182
comp135188_c4_seq1	scaffold26337	81.00	221	40	2	523	743	26484	26702	7e-44	174
comp135188_c4_seq2	scaffold26337	81.17	223	40	2	719	941	26482	26702	6e-45	178
comp135188_c4_seq3	scaffold26337	81.00	221	40	2	510	730	26484	26702	7e-44	174
comp135188_c4_seq4	scaffold26337	82.06	223	37	3	172	393	26482	26702	7e-48	187
comp135352_c1_seq1	scaffold5354	81.33	332	43	10	590	911	37886	37564	3e-67	252
comp135411_c0_seq3	scaffold20302	90.57	159	11	1	197	351	959	1117	2e-54	207
comp135624_c4_seq1	scaffold71773	96.58	117	3	1	1	117	34524	34409	3e-50	193
comp135656_c7_seq2	scaffold59644	80.32	249	43	6	207	452	55112	55357	6e-47	183
comp135656_c7_seq4	scaffold4463	82.67	202	24	6	589	779	42497	42296	2e-42	169
comp135656_c7_seq6	scaffold59644	80.94	341	54	10	589	923	55112	55447	1e-69	259
comp135661_c2_seq1	scaffold4463	89.05	137	13	2	239	373	69887	70023	1e-42	169
comp135661_c2_seq2	scaffold4463	88.32	137	14	2	241	375	69887	70023	8e-41	163
comp135661_c4_seq3	scaffold4463	82.87	251	40	3	329	577	95799	95550	1e-58	222
comp135661_c4_seq8	scaffold4463	82.87	251	40	3	342	590	95799	95550	1e-58	222
comp135675_c0_seq1	scaffold59644	88.03	259	28	2	1	258	13336	13080	2e-83	303
comp135675_c0_seq2	scaffold59644	87.84	329	35	4	1	327	13341	13016	8e-107	381
comp135675_c0_seq4	scaffold59644	88.18	296	31	3	1	294	13341	13048	2e-97	350
comp135675_c0_seq5	scaffold59644	87.09	333	32	5	1	324	13336	13006	2e-102	366
comp135812_c1_seq2	scaffold5354	85.35	314	37	9	533	843	22926	23233	1e-86	316
comp135812_c1_seq5	scaffold5354	85.35	314	37	9	533	843	22926	23233	1e-86	316
comp135968_c2_seq1	scaffold26960	91.10	146	11	2	1	145	4358	4502	8e-51	196
comp135968_c2_seq2	scaffold26960	91.10	146	11	2	1	145	4358	4502	5e-51	196
comp135968_c2_seq3	scaffold26960	91.10	146	11	2	1	145	4358	4502	5e-51	196
comp136003_c2_seq12	scaffold18558	92.06	126	10	0	42	167	28599	28724	2e-45	178
comp136003_c2_seq15	scaffold18558	92.06	126	10	0	105	230	28599	28724	2e-45	178
comp136003_c2_seq18	scaffold18558	92.06	126	10	0	42	167	28599	28724	2e-45	178
comp136003_c2_seq8	scaffold18558	92.06	126	10	0	105	230	28599	28724	2e-45	178
comp136120_c1_seq1	scaffold26337	95.32	171	8	0	1	171	106413	106243	2e-73	272
comp136120_c1_seq2	scaffold26337	95.32	171	8	0	1	171	106413	106243	6e-74	272
comp136130_c6_seq3	scaffold10970	79.75	721	74	20	67	786	62751	63400	4e-129	457
comp136164_c0_seq1	scaffold15463	78.06	588	78	22	5	574	65647	66201	3e-89	324
comp136164_c0_seq2	scaffold15463	81.78	428	47	14	5	416	65647	66059	4e-91	329
comp136170_c0_seq1	scaffold27692	92.41	145	8	1	996	1140	71019	71160	7e-53	204
comp136227_c1_seq7	scaffold5354	84.09	176	20	8	87	259	31547	31377	1e-40	163
comp136231_c0_seq1	scaffold71773	88.78	312	28	6	103	413	35699	35394	1e-104	375
comp136231_c0_seq12	scaffold71773	88.99	327	30	5	111	436	35701	35380	4e-112	399
comp136231_c0_seq13	scaffold71773	86.28	328	38	4	111	437	35701	35380	4e-97	350
comp136231_c0_seq2	scaffold71773	86.28	328	38	4	111	437	35701	35380	4e-97	350
comp136231_c0_seq3	scaffold71773	88.65	326	30	6	103	427	35699	35380	2e-109	390
comp136231_c0_seq4	scaffold71773	89.57	326	27	5	103	427	35699	35380	3e-114	407
comp136231_c0_seq5	scaffold71773	89.26	326	28	6	103	427	35699	35380	1e-112	401
comp136231_c0_seq9	scaffold71773	88.50	313	30	5	111	422	35701	35394	4e-104	374
comp136234_c0_seq1	scaffold32578	94.03	268	14	1	1	266	43884	44151	4e-114	405
comp136234_c0_seq2	scaffold32578	87.04	216	19	5	11	219	43923	44136	4e-63	235
comp136249_c2_seq2	scaffold9504	90.98	122	11	0	1	122	83805	83926	2e-41	165
comp136392_c0_seq3	scaffold19489	88.15	135	16	0	6	140	65487	65621	7e-41	161
comp136583_c0_seq1	scaffold5354	86.29	175	20	4	5	178	76738	76567	6e-48	187
comp136583_c0_seq2	scaffold5354	90.86	186	17	0	70	255	71798	71983	2e-67	250
comp136583_c0_seq3	scaffold5354	93.84	211	10	3	90	299	71798	72006	8e-87	315
comp136583_c0_seq3	scaffold5354	85.37	287	30	11	1	280	77231	76950	2e-78	287
comp136583_c0_seq3	scaffold5354	81.69	284	33	12	5	282	76738	76468	7e-58	219
comp136647_c1_seq1	scaffold32578	89.43	331	34	1	861	1191	75339	75010	2e-116	416
comp136647_c1_seq2	scaffold32578	87.58	330	41	0	68	397	75339	75010	1e-106	383
comp136647_c1_seq3	scaffold32578	86.97	330	42	1	51	379	75339	75010	8e-103	370
comp136741_c0_seq1	scaffold31723	95.56	135	6	0	90	224	35981	36115	2e-57	217
comp136741_c0_seq2	scaffold31723	92.59	189	12	2	52	240	36215	36401	1e-73	270
comp136747_c0_seq2	scaffold4463	89.76	127	12	1	88	214	26312	26437	8e-41	161
comp136809_c1_seq5	scaffold59644	90.55	127	11	1	88	214	68367	68242	2e-42	167
comp136823_c0_seq2	scaffold15463	82.18	634	79	15	33	660	66483	65878	2e-146	514
comp136823_c0_seq4	scaffold15463	95.18	249	11	1	20	267	66484	66236	3e-110	392
comp136823_c0_seq6	scaffold15463	95.16	248	11	1	33	279	66483	66236	1e-109	390
comp136823_c0_seq8	scaffold15463	80.15	534	72	13	1	527	66434	65928	1e-102	368
comp136823_c0_seq9	scaffold15463	89.97	299	27	3	33	328	66483	66185	3e-107	383
comp136856_c3_seq1	scaffold59644	82.55	212	24	7	532	736	68149	68354	4e-44	174
comp136856_c3_seq4	scaffold59644	82.08	212	25	7	579	783	68149	68354	2e-42	169
comp136926_c3_seq2	scaffold34940	84.22	450	49	11	1	435	38086	37644	1e-117	418
comp136926_c3_seq3	scaffold34940	89.08	229	20	4	1	229	38070	37847	2e-76	279
comp136944_c0_seq6	scaffold5354	83.50	200	20	8	410	606	3240	3429	6e-44	174
comp136944_c0_seq8	scaffold5354	83.50	200	20	8	236	432	3240	3429	5e-44	174
comp136959_c1_seq3	scaffold27692	87.83	189	18	4	65	250	52715	52901	3e-57	217
comp136959_c1_seq6	scaffold27692	87.83	189	18	4	202	387	52715	52901	4e-57	217
comp136959_c1_seq7	scaffold27692	87.83	189	18	4	435	620	52715	52901	6e-57	217
comp137001_c0_seq1	scaffold11875	86.94	268	25	5	36	301	33385	33126	4e-80	292
comp137001_c0_seq2	scaffold11875	85.28	197	19	5	36	230	33385	33197	9e-51	195
comp137001_c0_seq4	scaffold11875	87.50	296	26	6	4	296	33413	33126	7e-92	331
comp137001_c0_seq5	scaffold11875	86.22	225	20	6	4	225	33413	33197	2e-62	233
comp137063_c0_seq1	scaffold18558	80.96	1465	174	50	4	1435	13873	12481	0.0	1062
comp137063_c0_seq3	scaffold18558	80.96	1465	174	50	4	1435	13873	12481	0.0	1062
comp137121_c1_seq4	scaffold19489	97.76	134	3	0	194	327	57143	57010	9e-62	231
comp137121_c1_seq5	scaffold59644	83.71	264	24	8	65	314	21133	20875	8e-62	231
comp137121_c1_seq6	scaffold59644	89.40	302	15	7	65	358	21133	20841	9e-102	364
comp137121_c1_seq7	scaffold19489	97.79	136	3	0	273	408	57145	57010	8e-63	235
comp137197_c1_seq11	scaffold31723	98.56	139	1	1	108	245	48026	47888	8e-66	244
comp137197_c1_seq12	scaffold9504	85.53	318	22	9	19	312	83605	83922	4e-85	311
comp137197_c1_seq17	scaffold9504	85.20	304	21	9	90	369	83619	83922	5e-79	291
comp137197_c1_seq18	scaffold9504	85.49	324	22	10	141	439	83599	83922	3e-86	315
comp137197_c1_seq2	scaffold9504	89.58	144	14	1	80	222	83779	83922	3e-46	182
comp137197_c1_seq5	scaffold9504	85.49	324	22	10	452	750	83599	83922	4e-86	315
comp137197_c1_seq8	scaffold9504	85.06	328	24	10	792	1095	83596	83922	7e-85	311
comp137197_c1_seq9	scaffold9504	85.62	320	22	9	832	1127	83603	83922	5e-86	315
comp137263_c1_seq1	scaffold30278	82.08	240	30	4	92	318	91391	91630	9e-50	193
comp137263_c1_seq3	scaffold30278	86.36	154	20	1	92	245	91391	91543	3e-42	167
comp137263_c1_seq4	scaffold30278	86.93	153	19	1	92	243	91391	91543	2e-43	171
comp137263_c1_seq6	scaffold30278	83.49	218	30	5	92	304	91391	91607	2e-51	198
comp137294_c1_seq1	scaffold18558	92.59	216	16	0	79	294	63651	63436	1e-85	311
comp137294_c1_seq3	scaffold18558	89.29	794	54	10	79	864	63651	62881	0.0	966
comp137403_c0_seq7	scaffold26337	79.35	276	47	7	160	430	96849	96579	9e-48	185
comp137436_c4_seq3	scaffold59644	79.27	275	33	14	775	1037	35801	36063	7e-43	171
comp137471_c1_seq5	scaffold71773	79.37	412	67	12	1	405	1866	2266	2e-74	274
comp137471_c1_seq7	scaffold71773	81.76	296	49	4	1	294	1866	2158	4e-65	243
comp137477_c1_seq1	scaffold19489	98.01	151	3	0	177	327	22252	22402	4e-71	263
comp137477_c1_seq10	scaffold19489	97.66	171	4	0	37	207	22231	22401	2e-80	294
comp137477_c1_seq5	scaffold19489	98.01	151	3	0	177	327	22252	22402	5e-71	263
comp137477_c1_seq7	scaffold19489	97.67	172	4	0	37	208	22231	22402	3e-81	296
comp137477_c1_seq8	scaffold19489	98.00	150	3	0	177	326	22252	22401	3e-70	261
comp137477_c1_seq9	scaffold19489	97.67	172	4	0	37	208	22231	22402	3e-81	296
comp137548_c0_seq1	scaffold71773	87.02	208	18	4	980	1186	98891	99090	2e-59	226
comp137622_c1_seq1	scaffold5354	84.93	219	21	6	1356	1568	3264	3476	7e-55	211
comp137622_c1_seq2	scaffold5354	84.93	219	21	6	475	687	3264	3476	4e-55	211
comp137693_c0_seq1	scaffold3071	76.59	440	73	18	21	455	74347	73933	3e-56	215
comp137693_c0_seq2	scaffold3071	77.05	440	71	17	21	455	74347	73933	1e-59	226
comp137693_c0_seq5	scaffold3071	77.05	440	71	17	21	455	74347	73933	9e-60	226
comp137729_c1_seq6	scaffold4463	85.63	167	22	2	76	241	9843	9678	2e-44	174
comp137729_c1_seq8	scaffold4463	82.97	229	38	1	43	271	7004	6777	6e-54	206
comp137729_c2_seq1	scaffold4463	86.55	223	18	8	149	365	8299	8515	8e-63	235
comp137775_c2_seq1	scaffold34940	87.33	371	39	5	79	444	39645	39278	9e-118	418
comp137775_c2_seq1	scaffold34940	92.31	169	11	2	164	332	38965	38799	7e-64	239
comp137775_c2_seq10	scaffold34940	87.23	509	55	8	79	580	39645	39140	2e-163	571
comp137775_c2_seq11	scaffold34940	87.23	509	55	8	79	580	39645	39140	1e-163	571
comp137775_c2_seq12	scaffold34940	87.23	509	55	8	79	580	39645	39140	2e-163	571
comp137775_c2_seq13	scaffold34940	87.50	504	53	8	1993	2489	39645	39145	1e-163	573
comp137775_c2_seq4	scaffold34940	86.52	371	42	5	89	454	39645	39278	9e-113	401
comp137775_c2_seq4	scaffold34940	92.31	169	11	2	174	342	38965	38799	8e-64	239
comp137775_c2_seq9	scaffold34940	87.23	509	55	8	79	580	39645	39140	1e-163	571
comp137864_c3_seq1	scaffold4463	93.08	130	9	0	1541	1670	2543	2672	1e-48	191
comp137864_c3_seq4	scaffold4463	93.02	129	9	0	71	199	2544	2672	2e-48	189
comp137864_c3_seq5	scaffold4463	93.08	130	9	0	1541	1670	2543	2672	1e-48	191
comp137864_c3_seq6	scaffold4463	93.02	129	9	0	71	199	2544	2672	9e-49	189
comp137875_c2_seq1	scaffold4463	81.74	334	39	12	1469	1783	8756	8426	3e-69	259
comp137914_c1_seq2	scaffold5354	95.20	125	6	0	41	165	26493	26617	1e-51	198
comp137914_c1_seq3	scaffold5354	94.40	125	7	0	41	165	26493	26617	3e-50	193
comp137914_c1_seq4	scaffold5354	93.55	124	7	1	571	693	26494	26617	7e-47	183
comp137914_c1_seq8	scaffold5354	95.97	124	4	1	571	693	26494	26617	1e-51	200
comp138014_c2_seq1	scaffold27692	86.78	227	25	5	106	329	57281	57505	1e-66	248
comp138014_c2_seq10	scaffold27692	75.46	1300	204	79	196	1453	57281	58507	5e-150	527
comp138014_c2_seq11	scaffold27692	78.34	942	129	37	2	922	57127	58014	6e-154	540
comp138014_c2_seq13	scaffold27692	78.34	942	129	37	2	922	57127	58014	6e-154	540
comp138014_c2_seq3	scaffold27692	76.56	1459	221	82	2	1417	57127	58507	0.0	688
comp138014_c2_seq5	scaffold27692	86.78	227	25	5	196	419	57281	57505	1e-66	248
comp138014_c2_seq6	scaffold27692	85.75	386	44	8	2	383	57127	57505	1e-111	398
comp138014_c2_seq8	scaffold27692	75.46	1300	204	79	106	1363	57281	58507	4e-150	527
comp138079_c0_seq10	scaffold15463	94.53	128	7	0	2	129	78753	78880	1e-51	198
comp138109_c0_seq1	scaffold9504	91.83	257	10	3	1	257	64720	64475	7e-97	348
comp138109_c0_seq2	scaffold9504	85.25	373	23	15	1	368	65069	64724	8e-99	355
comp138114_c1_seq1	scaffold5354	86.89	183	22	1	523	705	4932	4752	5e-53	204
comp138114_c1_seq3	scaffold5354	86.89	183	22	1	562	744	4932	4752	5e-53	204
comp138114_c1_seq4	scaffold5354	86.89	183	22	1	588	770	4932	4752	5e-53	204
comp138140_c1_seq1	scaffold26960	84.12	447	56	11	3	444	54020	53584	1e-117	418
comp138140_c1_seq2	scaffold26960	83.36	601	62	20	41	613	54174	53584	1e-148	521
comp138140_c1_seq3	scaffold26960	81.59	603	69	22	43	615	54174	53584	2e-130	460
comp138173_c0_seq1	scaffold5354	86.88	160	21	0	925	1084	60383	60542	1e-45	180
comp138173_c0_seq6	scaffold5354	86.88	160	21	0	935	1094	60383	60542	1e-45	180
comp138185_c0_seq1	scaffold15463	88.36	782	65	15	699	1462	87486	88259	0.0	917
comp138185_c0_seq1	scaffold15463	90.04	251	22	3	1892	2141	88300	88548	3e-88	322
comp138229_c1_seq1	scaffold32578	87.41	286	29	4	840	1122	49017	49298	3e-88	322
comp138229_c1_seq1	scaffold32578	84.43	289	35	6	840	1122	48596	48880	2e-74	276
comp138229_c1_seq2	scaffold32578	87.41	286	29	4	840	1122	49017	49298	3e-88	322
comp138229_c1_seq2	scaffold32578	84.43	289	35	6	840	1122	48596	48880	2e-74	276
comp138229_c1_seq3	scaffold32578	89.80	461	35	8	18	472	48426	48880	2e-166	580
comp138229_c1_seq3	scaffold32578	89.74	458	34	5	23	472	48846	49298	4e-164	573
comp138229_c1_seq3	scaffold32578	92.54	268	11	7	25	289	49266	49527	1e-104	375
comp138229_c1_seq3	scaffold32578	93.19	191	12	1	16	206	47933	48122	9e-76	279
comp138229_c1_seq4	scaffold32578	89.80	461	35	8	18	472	48426	48880	2e-166	580
comp138229_c1_seq4	scaffold32578	89.74	458	34	5	23	472	48846	49298	4e-164	573
comp138229_c1_seq4	scaffold32578	92.54	268	11	7	25	289	49266	49527	1e-104	375
comp138229_c1_seq4	scaffold32578	93.19	191	12	1	16	206	47933	48122	9e-76	279
comp138229_c1_seq7	scaffold19489	95.20	229	11	0	3	231	44523	44295	2e-101	363
comp138234_c0_seq1	scaffold26337	83.91	174	26	2	1	173	7548	7720	1e-41	165
comp138366_c0_seq1	scaffold15463	84.40	218	30	3	4	217	27351	27134	2e-55	211
comp138410_c5_seq2	scaffold19489	80.43	230	34	9	323	544	29630	29856	2e-41	165
comp138410_c5_seq3	scaffold19489	82.17	230	29	10	323	543	29630	29856	5e-48	187
comp138410_c5_seq4	scaffold19489	80.43	230	34	9	323	544	29630	29856	2e-41	165
comp138466_c0_seq1	scaffold31723	92.03	790	58	2	1	786	46528	45740	0.0	1105
comp138466_c0_seq2	scaffold31723	90.89	1207	81	8	1	1203	46528	45347	0.0	1592
comp138466_c0_seq3	scaffold31723	89.88	751	52	6	40	790	46073	45347	0.0	944
comp138466_c0_seq4	scaffold31723	92.51	334	25	0	40	373	46073	45740	4e-136	479
comp138512_c1_seq1	scaffold9504	86.19	181	22	2	9	188	28576	28754	1e-49	193
comp138512_c1_seq4	scaffold9504	86.19	181	22	2	9	188	28576	28754	1e-49	193
comp138512_c1_seq5	scaffold9504	85.79	183	23	2	3	184	28574	28754	3e-49	191
comp138512_c1_seq6	scaffold9504	85.79	183	23	2	3	184	28574	28754	3e-49	191
comp138547_c0_seq1	scaffold34940	92.38	551	35	2	1928	2478	7669	8212	0.0	778
comp138547_c0_seq1	scaffold34940	85.76	302	26	11	1573	1873	6224	6509	1e-82	303
comp138547_c0_seq2	scaffold34940	90.23	389	31	6	1928	2316	7669	8050	5e-142	501
comp138547_c0_seq2	scaffold34940	85.43	302	27	11	1573	1873	6224	6509	7e-81	298
comp138574_c1_seq5	scaffold30278	87.57	169	16	1	572	740	3946	3783	1e-48	191
comp138677_c0_seq1	scaffold11875	86.13	476	40	9	1	462	32576	32113	3e-139	490
comp138677_c0_seq2	scaffold11875	86.34	476	47	8	1	470	32576	32113	4e-143	503
comp138677_c0_seq3	scaffold11875	86.13	476	40	9	1	462	32576	32113	2e-139	490
comp138677_c0_seq4	scaffold11875	86.34	476	47	8	1	470	32576	32113	3e-143	503
comp138697_c4_seq3	scaffold71773	81.37	322	43	13	38	348	8339	8024	1e-65	246
comp138697_c4_seq3	scaffold71773	84.36	179	23	4	148	322	28909	29086	7e-43	171
comp138697_c4_seq4	scaffold71773	83.40	235	27	10	474	701	8253	8024	7e-54	207
comp138697_c4_seq4	scaffold71773	76.50	383	67	16	310	675	28710	29086	9e-48	187
comp138697_c4_seq5	scaffold4463	86.08	194	23	4	1	191	52659	52851	2e-53	206
comp138697_c4_seq8	scaffold71773	83.40	235	27	10	521	748	8253	8024	7e-54	207
comp138697_c4_seq8	scaffold71773	76.50	383	67	16	357	722	28710	29086	9e-48	187
comp138864_c0_seq1	scaffold15463	85.71	175	24	1	131	304	34404	34578	2e-47	183
comp138864_c0_seq4	scaffold4463	85.83	360	48	3	1	358	77849	78207	3e-106	379
comp138890_c1_seq2	scaffold32578	98.99	296	3	0	2164	2459	79340	79045	6e-151	531
comp138890_c1_seq2	scaffold32578	100.00	122	0	0	2045	2166	83388	83267	3e-59	226
comp138890_c1_seq2	scaffold32578	96.64	119	3	1	1807	1924	87642	87524	3e-50	196
comp138890_c1_seq3	scaffold32578	100.00	298	0	0	2220	2517	79340	79043	5e-157	551
comp138890_c1_seq3	scaffold32578	100.00	122	0	0	2101	2222	83388	83267	3e-59	226
comp138890_c1_seq3	scaffold32578	96.64	119	3	1	1863	1980	87642	87524	3e-50	196
comp138960_c1_seq3	scaffold3071	86.45	273	34	3	11	280	32133	32405	3e-81	296
comp139052_c1_seq1	scaffold9504	89.13	322	21	10	72	380	65033	65353	6e-109	388
comp139052_c1_seq2	scaffold9504	89.49	276	15	10	72	334	65033	65307	2e-93	337
comp139052_c1_seq4	scaffold9504	94.02	234	14	0	179	412	62564	62797	8e-99	355
comp139052_c1_seq5	scaffold9504	89.10	321	21	10	186	493	65034	65353	3e-108	387
comp139052_c1_seq6	scaffold9504	95.56	135	6	0	73	207	65495	65629	1e-57	217
comp139052_c1_seq8	scaffold9504	89.45	275	15	10	186	447	65034	65307	1e-92	335
comp139052_c2_seq1	scaffold9504	92.11	152	11	1	1	152	59986	60136	3e-56	213
comp139106_c4_seq1	scaffold18558	97.64	297	5	2	1	297	39686	39392	8e-145	508
comp139106_c5_seq1	scaffold18558	100.00	336	0	0	1401	1736	19694	19359	2e-178	621
comp139106_c5_seq1	scaffold18558	98.29	292	4	1	3	294	39289	38999	6e-145	510
comp139106_c5_seq1	scaffold18558	99.54	219	1	0	1187	1405	20798	20580	1e-111	399
comp139106_c5_seq1	scaffold18558	100.00	188	0	0	538	725	35048	34861	5e-96	348
comp139106_c5_seq1	scaffold18558	100.00	157	0	0	384	540	36305	36149	8e-79	291
comp139106_c5_seq1	scaffold18558	100.00	153	0	0	723	875	31953	31801	1e-76	283
comp139106_c5_seq1	scaffold18558	100.00	115	0	0	1074	1188	23986	23872	2e-55	213
comp139106_c5_seq1	scaffold18558	100.00	97	0	0	292	388	37972	37876	2e-45	180
comp139106_c5_seq1	scaffold18558	100.00	89	0	0	953	1041	30464	30376	5e-41	165
comp139106_c6_seq3	scaffold18558	97.24	181	4	1	548	727	39460	39280	1e-83	305
comp139106_c6_seq6	scaffold18558	93.44	183	11	1	50	231	39462	39280	1e-73	270
comp139107_c0_seq3	scaffold27692	92.92	113	8	0	564	676	2879	2991	2e-41	165
comp139107_c0_seq5	scaffold27692	93.44	122	8	0	372	493	2870	2991	1e-46	182
comp139107_c0_seq6	scaffold27692	93.44	122	8	0	233	354	2870	2991	1e-46	182
comp139142_c1_seq2	scaffold9504	80.60	232	32	8	108	332	74517	74292	5e-42	167
comp139182_c0_seq1	scaffold32578	81.23	325	17	4	1	310	44183	44478	5e-59	222
comp139182_c0_seq5	scaffold32578	92.54	134	8	1	21	154	44197	44328	9e-50	191
comp139213_c2_seq1	scaffold26960	95.45	308	12	2	6	311	4352	4045	2e-139	490
comp139213_c2_seq3	scaffold26960	96.95	164	4	1	6	168	4352	4189	2e-74	274
comp139213_c2_seq4	scaffold26960	95.87	121	4	1	4	124	4164	4045	1e-50	195
comp139286_c0_seq3	scaffold4463	88.50	200	20	3	39	238	12863	13059	1e-63	239
comp139286_c0_seq4	scaffold4463	88.50	200	20	3	56	255	12863	13059	1e-63	239
comp139345_c0_seq2	scaffold59644	86.49	422	31	10	327	735	14277	13869	4e-124	440
comp139345_c0_seq3	scaffold59644	90.35	425	24	9	27	447	14280	13869	6e-155	542
comp139428_c1_seq1	scaffold10970	88.36	275	26	2	107	381	8174	8442	5e-90	326
comp139428_c1_seq2	scaffold10970	85.12	410	36	9	1	410	8044	8428	4e-111	396
comp139455_c1_seq1	scaffold59644	90.76	314	26	3	1	312	13277	13589	2e-117	416
comp139455_c1_seq2	scaffold59644	89.50	219	21	2	162	380	13260	13476	5e-75	276
comp139455_c1_seq5	scaffold59644	88.71	372	37	4	1	370	13277	13645	3e-127	449
comp139455_c1_seq7	scaffold59644	89.50	219	21	2	408	626	13260	13476	8e-75	276
comp139462_c0_seq3	scaffold3071	90.12	162	15	1	249	410	63080	63240	7e-55	209
comp139543_c0_seq3	scaffold15463	88.05	820	74	9	907	1713	15822	16630	0.0	950
comp139543_c0_seq4	scaffold15463	87.80	820	76	9	716	1522	15822	16630	0.0	939
comp139548_c3_seq3	scaffold9504	84.76	361	46	7	103	456	53325	53683	6e-98	353
comp139548_c3_seq5	scaffold9504	84.76	361	46	7	103	456	53325	53683	5e-98	353
comp139548_c3_seq6	scaffold9504	84.81	441	57	8	21	454	53246	53683	2e-122	435
comp139562_c2_seq2	scaffold9504	88.19	144	17	0	2258	2401	19800	19657	4e-43	172
comp139562_c2_seq3	scaffold9504	88.19	144	17	0	2654	2797	19800	19657	5e-43	172
comp139597_c1_seq13	scaffold5354	85.54	166	18	4	141	304	56754	56915	1e-42	169
comp139597_c1_seq15	scaffold5354	86.51	215	20	6	118	330	56708	56915	2e-60	228
comp139597_c1_seq6	scaffold5354	86.51	215	20	6	345	557	56708	56915	3e-60	228
comp139597_c1_seq9	scaffold5354	87.50	168	15	4	366	531	56752	56915	1e-48	189
comp139714_c1_seq2	scaffold4463	81.90	210	32	6	108	313	95762	95555	5e-44	172
comp139760_c1_seq3	scaffold30278	78.98	528	80	22	553	1061	72222	72737	3e-91	331
comp139910_c0_seq1	scaffold4463	92.79	416	27	3	113	526	64968	64554	4e-172	599
comp139910_c0_seq4	scaffold4463	90.21	521	29	4	209	712	64968	64453	0.0	660
comp139910_c0_seq5	scaffold4463	92.53	482	33	3	113	592	64968	64488	0.0	688
comp139910_c0_seq7	scaffold4463	93.40	515	27	5	209	722	64968	64460	0.0	756
comp139971_c0_seq1	scaffold59644	87.33	150	17	1	118	265	68856	68707	2e-43	171
comp140033_c0_seq1	scaffold11875	88.81	438	43	4	78	510	33404	33840	1e-151	532
comp140033_c0_seq10	scaffold11875	84.93	491	62	8	4	487	33355	33840	8e-138	486
comp140033_c0_seq11	scaffold11875	86.96	299	33	4	4	301	33355	33648	9e-92	331
comp140033_c0_seq12	scaffold11875	88.57	245	27	1	78	321	33404	33648	3e-81	296
comp140033_c0_seq2	scaffold11875	87.80	492	49	7	4	490	33355	33840	1e-161	566
comp140033_c0_seq3	scaffold11875	90.26	349	33	1	23	370	33404	33752	5e-129	455
comp140033_c0_seq5	scaffold11875	85.58	437	56	5	78	507	33404	33840	3e-127	451
comp140033_c0_seq6	scaffold11875	87.80	492	49	7	4	490	33355	33840	1e-161	566
comp140033_c0_seq7	scaffold11875	84.93	491	62	8	4	487	33355	33840	9e-138	486
comp140033_c0_seq8	scaffold11875	88.81	438	43	4	78	510	33404	33840	1e-151	532
comp140033_c0_seq9	scaffold11875	85.58	437	56	5	78	507	33404	33840	3e-127	451
comp140050_c0_seq1	scaffold15463	85.78	232	32	1	686	916	41021	41252	3e-65	244
comp140050_c0_seq2	scaffold15463	85.78	232	32	1	709	939	41021	41252	3e-65	244
comp140079_c0_seq1	scaffold10970	88.66	194	21	1	1	193	28838	28645	3e-62	235
comp140134_c0_seq2	scaffold27692	89.03	319	25	7	8	323	71733	72044	2e-108	387
comp140134_c0_seq3	scaffold27692	89.90	307	26	5	8	311	71733	72037	1e-109	390
comp140202_c3_seq1	scaffold18558	91.48	176	10	2	1	175	18519	18348	2e-63	237
comp140221_c0_seq4	scaffold3071	85.26	251	33	4	165	411	33525	33775	9e-69	255
comp140221_c0_seq5	scaffold3071	85.26	251	31	5	68	312	33525	33775	2e-68	254
comp140221_c0_seq6	scaffold3071	85.26	251	33	4	165	411	33525	33775	9e-69	255
comp140221_c0_seq8	scaffold3071	85.26	251	33	4	68	314	33525	33775	7e-69	255
comp140312_c0_seq1	scaffold26337	89.39	462	46	3	1	460	121748	121288	4e-166	579
comp140312_c0_seq2	scaffold26337	88.67	300	31	3	1	298	121748	121450	3e-101	363
comp140314_c0_seq1	scaffold4463	92.95	227	14	2	17	241	7682	7908	2e-91	329
comp140314_c0_seq2	scaffold4463	93.13	364	19	4	1877	2234	7682	8045	3e-150	529
comp140314_c0_seq2	scaffold4463	92.89	211	13	1	2081	2289	35756	35546	6e-83	305
comp140314_c0_seq3	scaffold4463	95.60	364	13	2	452	812	7682	8045	4e-166	580
comp140314_c0_seq3	scaffold4463	94.84	213	11	0	657	869	35756	35544	1e-91	333
comp140314_c0_seq4	scaffold4463	93.41	364	18	4	452	809	7682	8045	4e-152	534
comp140314_c0_seq4	scaffold4463	92.89	211	13	1	656	864	35756	35546	4e-83	305
comp140314_c0_seq5	scaffold4463	95.33	364	14	2	1877	2237	7682	8045	3e-164	575
comp140314_c0_seq5	scaffold4463	94.84	213	11	0	2082	2294	35756	35544	2e-91	333
comp140314_c0_seq6	scaffold4463	95.60	364	13	2	452	812	7682	8045	2e-166	580
comp140314_c0_seq6	scaffold4463	95.87	218	9	0	657	874	35756	35539	6e-98	353
comp140335_c2_seq2	scaffold9504	88.54	192	22	0	39	230	67509	67318	2e-62	233
comp140335_c2_seq3	scaffold9504	89.46	294	31	0	39	332	67509	67216	6e-104	372
comp140335_c2_seq5	scaffold9504	92.44	238	8	6	1	229	67216	66980	6e-92	331
comp140335_c2_seq6	scaffold9504	91.18	238	13	4	1	232	67216	66981	2e-87	316
comp140335_c2_seq7	scaffold9504	93.56	233	10	2	6	233	67230	66998	3e-95	342
comp140373_c1_seq5	scaffold9504	86.81	273	25	5	5	268	59244	59514	1e-80	294
comp140373_c2_seq5	scaffold5354	86.16	159	20	2	42	199	29850	29693	1e-43	171
comp140406_c2_seq1	scaffold26337	86.03	315	39	5	104	417	60340	60030	3e-92	333
comp140406_c2_seq2	scaffold26337	87.50	464	55	3	1	464	60328	59868	3e-152	532
comp140406_c2_seq3	scaffold26337	88.87	476	50	3	104	579	60340	59868	4e-167	582
comp140406_c2_seq4	scaffold26337	89.29	476	48	3	353	828	60340	59868	3e-170	593
comp140406_c2_seq5	scaffold26337	90.71	226	21	0	107	332	60093	59868	9e-83	302
comp140406_c2_seq6	scaffold26337	87.87	478	53	4	889	1366	60340	59868	6e-159	556
comp140406_c2_seq7	scaffold26337	90.30	237	23	0	26	262	60104	59868	1e-85	311
comp140438_c1_seq1	scaffold71773	81.90	453	55	14	1	428	20998	21448	7e-99	357
comp140438_c1_seq10	scaffold71773	86.64	247	30	3	28	273	21197	21441	2e-73	270
comp140438_c1_seq2	scaffold71773	81.90	453	55	14	1	428	20998	21448	8e-99	357
comp140438_c1_seq3	scaffold71773	82.23	394	43	14	1	369	20998	21389	2e-86	315
comp140438_c1_seq4	scaffold71773	81.90	453	55	14	1	428	20998	21448	4e-99	357
comp140446_c0_seq1	scaffold27692	86.53	668	57	16	29	669	75479	74818	0.0	704
comp140446_c0_seq3	scaffold27692	88.47	590	54	12	1	582	75401	74818	0.0	701
comp140446_c0_seq4	scaffold27692	88.35	206	19	3	29	230	75479	75275	3e-65	243
comp140446_c0_seq6	scaffold27692	86.13	721	62	20	29	717	75479	74765	0.0	743
comp140446_c0_seq7	scaffold27692	88.37	258	28	2	1	258	75145	74890	3e-85	309
comp140446_c0_seq8	scaffold27692	87.87	643	59	16	1	630	75401	74765	0.0	737
comp140521_c1_seq12	scaffold26337	95.56	180	7	1	210	389	105985	106163	3e-78	287
comp140521_c1_seq15	scaffold26337	95.54	202	8	1	210	411	105985	106185	6e-89	322
comp140536_c1_seq2	scaffold31723	87.46	287	34	2	63	347	41482	41196	3e-91	329
comp140536_c1_seq3	scaffold31723	88.10	210	21	2	1	210	41433	41228	2e-66	246
comp140536_c1_seq8	scaffold31723	87.46	287	34	2	100	384	41482	41196	4e-91	329
comp140661_c1_seq10	scaffold34940	83.84	198	24	6	1	197	38582	38772	6e-47	182
comp140687_c0_seq2	scaffold32578	82.13	347	35	14	2665	3009	21691	21370	6e-73	272
comp140772_c0_seq5	scaffold71773	85.84	219	28	3	7	223	69888	69671	2e-61	230
comp140794_c1_seq1	scaffold10970	85.10	443	53	8	94	527	54440	54002	3e-124	440
comp140794_c1_seq2	scaffold10970	87.19	320	31	5	2	313	54319	54002	8e-99	355
comp140794_c1_seq4	scaffold10970	85.98	214	26	4	94	307	54440	54231	4e-60	226
comp140855_c2_seq2	scaffold71773	100.00	273	0	0	1	273	41010	41282	4e-144	505
comp140855_c2_seq3	scaffold71773	99.52	210	1	0	111	320	41073	41282	2e-107	383
comp140946_c4_seq2	scaffold26337	88.17	279	31	2	784	1061	60209	59932	3e-91	331
comp140946_c4_seq5	scaffold26337	84.11	409	42	9	1	387	60339	59932	2e-104	374
comp140946_c4_seq6	scaffold26337	88.27	307	32	4	1	306	60235	59932	8e-102	364
comp141074_c1_seq4	scaffold71773	84.85	429	55	6	294	721	21398	20979	8e-119	424
comp141074_c1_seq8	scaffold71773	84.85	429	55	6	294	721	21398	20979	8e-119	424
comp141084_c0_seq1	scaffold26337	82.52	698	78	16	1	670	97342	98023	5e-164	573
comp141096_c4_seq2	scaffold10970	97.38	229	6	0	22	250	13018	12790	3e-109	390
comp141096_c4_seq3	scaffold10970	96.89	289	9	0	210	498	13078	12790	2e-137	484
comp141096_c4_seq4	scaffold10970	97.92	289	6	0	94	382	13078	12790	1e-142	501
comp141096_c4_seq6	scaffold10970	97.38	229	6	0	22	250	13018	12790	2e-109	390
comp141096_c4_seq7	scaffold10970	97.58	289	7	0	94	382	13078	12790	6e-141	496
comp141096_c4_seq8	scaffold10970	96.89	289	9	0	210	498	13078	12790	1e-137	484
comp141117_c0_seq2	scaffold71773	98.01	151	3	0	1	151	49126	48976	3e-71	263
comp141117_c0_seq3	scaffold71773	98.01	151	3	0	1	151	49126	48976	3e-71	263
comp141140_c1_seq1	scaffold71773	83.93	224	28	4	1453	1676	63630	63415	8e-54	207
comp141140_c1_seq3	scaffold71773	83.93	224	28	4	1464	1687	63630	63415	8e-54	207
comp141159_c0_seq2	scaffold4463	100.00	141	0	0	478	618	1510	1650	3e-70	261
comp141159_c0_seq2	scaffold4463	100.00	114	0	0	615	728	2237	2350	3e-55	211
comp141159_c0_seq3	scaffold4463	100.00	141	0	0	1114	1254	1510	1650	5e-70	261
comp141159_c0_seq3	scaffold4463	100.00	114	0	0	1251	1364	2237	2350	5e-55	211
comp141205_c0_seq1	scaffold71773	79.86	283	51	5	272	550	72071	71791	2e-52	202
comp141205_c0_seq10	scaffold71773	79.63	270	49	5	269	534	72071	71804	1e-48	189
comp141205_c0_seq11	scaffold71773	79.18	269	48	6	256	518	72070	71804	1e-45	180
comp141205_c0_seq12	scaffold71773	79.86	283	51	5	337	615	72071	71791	2e-52	202
comp141205_c0_seq2	scaffold71773	80.07	281	49	6	264	538	72070	71791	1e-52	202
comp141205_c0_seq3	scaffold71773	79.63	270	49	5	337	602	72071	71804	2e-48	189
comp141205_c0_seq5	scaffold71773	79.79	282	51	5	265	542	72070	71791	7e-52	200
comp141205_c0_seq6	scaffold71773	80.14	282	49	6	337	612	72071	71791	4e-53	204
comp141205_c0_seq8	scaffold71773	80.14	282	49	6	272	547	72071	71791	4e-53	204
comp141267_c2_seq7	scaffold15463	79.23	337	46	11	1611	1944	45689	46004	2e-55	213
comp141267_c2_seq8	scaffold15463	79.23	337	46	11	1609	1942	45689	46004	2e-55	213
comp141386_c3_seq1	scaffold71773	98.34	541	9	0	7	547	10202	10742	0.0	950
comp141386_c3_seq6	scaffold71773	98.04	764	9	1	7	764	10202	10965	0.0	1323
comp141449_c1_seq4	scaffold26337	88.83	197	20	2	182	378	142180	141986	4e-64	241
comp141521_c0_seq1	scaffold19489	88.32	488	43	9	434	919	21187	21662	4e-164	573
comp141521_c0_seq1	scaffold19489	85.57	305	33	4	1	305	20740	21033	1e-84	309
comp141620_c1_seq8	scaffold19489	82.45	376	31	16	151	505	63352	62991	5e-81	296
comp141620_c1_seq9	scaffold19489	82.45	376	31	16	45	399	63352	62991	4e-81	296
comp141775_c1_seq2	scaffold4463	89.74	156	14	2	2734	2888	52827	52673	1e-50	198
comp141776_c0_seq1	scaffold4463	99.56	227	1	0	1	227	29641	29415	5e-117	414
comp141776_c2_seq1	scaffold4463	80.67	238	42	2	25	258	29490	29727	8e-47	182
comp141776_c2_seq2	scaffold4463	99.62	527	2	0	1	527	29650	30176	0.0	963
comp141776_c3_seq1	scaffold4463	99.59	967	3	1	1	967	29436	28471	0.0	1762
comp141776_c3_seq1	scaffold4463	99.53	430	2	0	1049	1478	28374	27945	0.0	784
comp141776_c3_seq1	scaffold4463	100.00	236	0	0	1638	1873	19452	19217	1e-122	436
comp141776_c3_seq1	scaffold4463	100.00	163	0	0	1477	1639	27281	27119	4e-82	302
comp141788_c0_seq1	scaffold32578	91.09	561	36	4	1	561	44678	45224	0.0	747
comp141788_c0_seq10	scaffold32578	84.05	464	39	13	30	459	44786	45248	3e-116	414
comp141788_c0_seq11	scaffold32578	84.05	464	39	13	30	459	44786	45248	1e-116	414
comp141788_c0_seq12	scaffold32578	86.21	573	43	18	1	539	44678	45248	2e-168	588
comp141788_c0_seq13	scaffold32578	84.79	572	39	23	1	525	44678	45248	1e-151	531
comp141788_c0_seq15	scaffold32578	85.71	553	37	20	1	517	44678	45224	4e-156	545
comp141788_c0_seq18	scaffold32578	85.17	445	37	10	30	451	44786	45224	4e-121	429
comp141788_c0_seq4	scaffold32578	87.18	554	41	15	1	531	44678	45224	3e-173	603
comp141788_c0_seq5	scaffold32578	90.00	580	38	7	1	569	44678	45248	0.0	732
comp141788_c0_seq6	scaffold32578	84.79	572	39	23	1	525	44678	45248	3e-151	531
comp141788_c0_seq7	scaffold32578	86.21	573	43	18	1	539	44678	45248	8e-169	588
comp141788_c0_seq8	scaffold32578	93.20	206	13	1	1	206	45210	45414	2e-82	302
comp141802_c3_seq9	scaffold59644	94.59	148	5	2	144	291	77092	76948	4e-60	226
comp141806_c1_seq12	scaffold4463	87.20	211	19	4	4	213	26323	26120	1e-61	233
comp141806_c1_seq4	scaffold20302	88.07	176	19	1	743	918	11449	11276	1e-53	207
comp141806_c1_seq5	scaffold4463	87.20	211	19	4	4	213	26323	26120	1e-61	233
comp141806_c1_seq6	scaffold20302	88.07	176	19	1	741	916	11449	11276	1e-53	207
comp141806_c1_seq7	scaffold4463	87.20	211	19	4	4	213	26323	26120	1e-61	233
comp141806_c1_seq8	scaffold20302	88.07	176	19	1	743	918	11449	11276	1e-53	207
comp141869_c0_seq1	scaffold71773	86.36	242	25	6	1053	1286	98461	98702	6e-69	257
comp141884_c0_seq4	scaffold18558	91.46	199	16	1	2	199	6204	6402	3e-74	272
comp141913_c1_seq1	scaffold20302	79.04	415	44	22	1830	2205	32397	31987	8e-65	244
comp141913_c1_seq4	scaffold20302	89.06	192	20	1	259	449	32216	32025	3e-63	237
comp141913_c1_seq5	scaffold20302	90.42	240	22	1	135	374	32397	32159	1e-86	315
comp141948_c2_seq4	scaffold11875	90.23	133	13	0	457	589	34894	35026	4e-44	174
comp141948_c2_seq8	scaffold11875	90.23	133	13	0	477	609	34894	35026	4e-44	174
comp141955_c0_seq1	scaffold18558	88.26	528	46	9	617	1141	9506	8992	4e-177	617
comp141955_c0_seq1	scaffold18558	85.30	449	38	11	181	614	10376	9941	4e-123	438
comp141955_c0_seq5	scaffold18558	88.26	528	46	9	617	1141	9506	8992	5e-177	617
comp141955_c0_seq5	scaffold18558	85.30	449	38	11	181	614	10376	9941	4e-123	438
comp141955_c0_seq6	scaffold18558	88.26	528	46	9	617	1141	9506	8992	5e-177	617
comp141955_c0_seq6	scaffold18558	85.30	449	38	11	181	614	10376	9941	4e-123	438
comp142052_c1_seq1	scaffold45727	84.35	230	31	4	34	263	58532	58756	1e-58	220
comp142098_c0_seq1	scaffold27692	89.51	667	42	11	523	1171	56361	55705	0.0	819
comp142098_c0_seq1	scaffold27692	90.45	377	25	5	1198	1573	55717	55351	1e-137	486
comp142098_c0_seq1	scaffold27692	95.76	118	5	0	1818	1935	54889	54772	1e-48	191
comp142098_c0_seq1	scaffold27692	95.28	106	5	0	38	143	56512	56407	5e-42	169
comp142098_c0_seq10	scaffold27692	90.20	1031	60	15	523	1532	56361	55351	0.0	1306
comp142098_c0_seq10	scaffold27692	95.76	118	5	0	1777	1894	54889	54772	1e-48	191
comp142098_c0_seq10	scaffold27692	95.28	106	5	0	38	143	56512	56407	4e-42	169
comp142098_c0_seq11	scaffold27692	90.15	477	24	8	523	993	56361	55902	7e-172	599
comp142098_c0_seq11	scaffold27692	95.28	106	5	0	38	143	56512	56407	2e-42	169
comp142098_c0_seq12	scaffold27692	88.79	473	25	9	611	1068	56361	55902	2e-158	555
comp142098_c0_seq12	scaffold27692	95.28	106	5	0	126	231	56512	56407	3e-42	169
comp142098_c0_seq2	scaffold27692	90.00	670	39	11	611	1265	56361	55705	0.0	841
comp142098_c0_seq2	scaffold27692	90.45	377	25	5	1292	1667	55717	55351	1e-137	486
comp142098_c0_seq2	scaffold27692	95.76	118	5	0	1912	2029	54889	54772	1e-48	191
comp142098_c0_seq2	scaffold27692	95.28	106	5	0	126	231	56512	56407	5e-42	169
comp142098_c0_seq3	scaffold27692	90.43	1034	61	15	611	1629	56361	55351	0.0	1327
comp142098_c0_seq3	scaffold27692	95.76	118	5	0	1874	1991	54889	54772	1e-48	191
comp142098_c0_seq3	scaffold27692	95.28	106	5	0	126	231	56512	56407	5e-42	169
comp142098_c0_seq4	scaffold27692	90.72	1035	63	12	523	1548	56361	55351	0.0	1349
comp142098_c0_seq4	scaffold27692	95.28	106	5	0	38	143	56512	56407	4e-42	169
comp142098_c0_seq5	scaffold27692	88.79	473	25	9	523	980	56361	55902	2e-158	555
comp142098_c0_seq5	scaffold27692	95.28	106	5	0	38	143	56512	56407	2e-42	169
comp142098_c0_seq6	scaffold27692	90.46	671	41	8	611	1272	56361	55705	0.0	863
comp142098_c0_seq6	scaffold27692	90.45	377	25	5	1299	1674	55717	55351	1e-137	486
comp142098_c0_seq6	scaffold27692	95.76	118	5	0	1919	2036	54889	54772	1e-48	191
comp142098_c0_seq6	scaffold27692	95.28	106	5	0	126	231	56512	56407	5e-42	169
comp142098_c0_seq7	scaffold27692	90.15	477	24	8	611	1081	56361	55902	8e-172	599
comp142098_c0_seq7	scaffold27692	95.28	106	5	0	126	231	56512	56407	3e-42	169
comp142098_c0_seq8	scaffold27692	90.95	674	38	8	523	1190	56361	55705	0.0	885
comp142098_c0_seq8	scaffold27692	95.28	106	5	0	38	143	56512	56407	3e-42	169
comp142098_c0_seq9	scaffold27692	90.72	1035	63	12	611	1636	56361	55351	0.0	1349
comp142098_c0_seq9	scaffold27692	95.76	118	5	0	1881	1998	54889	54772	1e-48	191
comp142098_c0_seq9	scaffold27692	95.28	106	5	0	126	231	56512	56407	5e-42	169
comp142110_c1_seq1	scaffold45727	98.50	133	2	0	43	175	12096	12228	5e-63	235
comp142110_c1_seq2	scaffold45727	97.21	179	5	0	43	221	12096	12274	3e-83	303
comp142110_c1_seq3	scaffold45727	97.21	179	5	0	43	221	12096	12274	2e-83	303
comp142110_c1_seq4	scaffold45727	98.50	133	2	0	43	175	12096	12228	8e-63	235
comp142110_c2_seq1	scaffold45727	96.44	225	4	3	4	227	11983	11762	2e-102	368
comp142140_c0_seq1	scaffold26337	89.95	776	63	11	263	1025	146348	145575	0.0	987
comp142157_c3_seq1	scaffold27692	89.78	186	16	2	1	183	26456	26271	4e-63	235
comp142157_c3_seq2	scaffold27692	86.62	299	28	5	8	304	26559	26271	3e-88	320
comp142184_c0_seq4	scaffold30278	90.59	202	15	4	365	563	10904	11104	2e-71	265
comp142184_c0_seq6	scaffold30278	97.22	144	3	1	35	177	10961	11104	3e-65	243
comp142201_c0_seq2	scaffold15463	81.82	429	53	14	1	428	55758	55354	2e-93	337
comp142201_c0_seq3	scaffold15463	82.73	249	32	4	3	251	55591	55354	9e-56	211
comp142377_c2_seq15	scaffold18558	82.50	240	33	6	101	333	44413	44650	7e-53	202
comp142377_c2_seq16	scaffold18558	81.69	355	57	6	5	356	44406	44755	7e-79	289
comp142377_c2_seq2	scaffold18558	85.02	247	33	4	5	249	44406	44650	6e-67	248
comp142377_c2_seq5	scaffold18558	79.89	348	57	8	101	440	44413	44755	7e-65	243
comp142400_c0_seq1	scaffold30278	89.51	162	16	1	283	444	39313	39153	6e-53	204
comp142400_c0_seq3	scaffold30278	87.73	163	18	2	252	414	39313	39153	2e-48	189
comp142400_c0_seq6	scaffold30278	87.73	163	18	2	617	779	39313	39153	2e-48	189
comp142467_c0_seq10	scaffold4463	84.12	233	20	9	1	233	12832	12617	4e-55	209
comp142467_c0_seq12	scaffold4463	83.97	237	20	10	1	237	12832	12614	3e-55	211
comp142467_c0_seq13	scaffold4463	83.97	237	20	10	1	237	12832	12614	3e-55	211
comp142467_c0_seq4	scaffold4463	83.97	237	20	10	1	237	12832	12614	3e-55	211
comp142467_c0_seq5	scaffold4463	83.97	237	20	10	1	237	12832	12614	3e-55	211
comp142506_c0_seq1	scaffold4463	83.56	870	111	14	26	892	10106	9266	0.0	785
comp142506_c0_seq1	scaffold4463	87.23	188	22	2	940	1125	9256	9069	1e-55	213
comp142506_c0_seq2	scaffold4463	83.33	870	113	14	26	892	10106	9266	0.0	774
comp142506_c0_seq2	scaffold4463	87.23	188	22	2	940	1125	9256	9069	1e-55	213
comp142506_c0_seq3	scaffold4463	84.03	263	42	0	1	263	10097	9835	2e-68	254
comp142533_c2_seq1	scaffold15463	87.89	446	34	3	719	1164	48176	48601	6e-144	507
comp142533_c2_seq10	scaffold15463	91.73	278	23	0	264	541	48176	48453	3e-108	387
comp142533_c2_seq2	scaffold27692	87.19	320	33	4	16	329	26591	26274	3e-99	357
comp142533_c2_seq3	scaffold15463	85.87	446	41	5	609	1052	48176	48601	2e-128	455
comp142533_c2_seq5	scaffold27692	88.05	452	38	13	49	488	26721	26274	2e-148	521
comp142533_c2_seq5	scaffold27692	84.03	382	29	13	731	1110	26002	25651	2e-93	339
comp142533_c2_seq6	scaffold15463	85.87	446	41	5	663	1106	48176	48601	2e-128	455
comp142533_c2_seq9	scaffold15463	88.50	200	23	0	1	200	48270	48469	2e-65	243
comp142604_c1_seq11	scaffold26337	85.51	283	22	6	1112	1394	116042	116305	5e-75	278
comp142623_c2_seq2	scaffold19489	90.21	143	14	0	74	216	43231	43373	1e-48	187
comp142623_c2_seq3	scaffold19489	90.34	145	14	0	237	381	43229	43373	2e-49	191
comp142623_c2_seq7	scaffold19489	90.34	145	14	0	203	347	43229	43373	2e-49	191
comp142636_c0_seq1	scaffold4463	83.88	577	60	20	513	1082	6733	6183	6e-148	520
comp142636_c0_seq2	scaffold4463	84.57	538	58	18	341	872	6701	6183	3e-145	510
comp142636_c0_seq3	scaffold4463	89.09	385	27	11	9	392	6683	6313	1e-131	464
comp142651_c0_seq1	scaffold26960	80.62	320	60	2	158	477	28230	27913	9e-66	246
comp142651_c0_seq10	scaffold26960	84.21	247	36	3	13	258	28157	27913	4e-63	237
comp142651_c0_seq2	scaffold26960	80.62	320	60	2	181	500	28230	27913	9e-66	246
comp142651_c0_seq5	scaffold26960	81.54	260	45	3	7	265	28170	27913	1e-55	211
comp142651_c0_seq7	scaffold26960	85.28	299	41	3	1	298	28209	27913	1e-83	305
comp142651_c0_seq9	scaffold26960	85.41	233	33	1	2	234	28239	28008	1e-64	241
comp142672_c0_seq1	scaffold15463	83.30	569	60	16	16	566	32246	31695	1e-139	492
comp142672_c0_seq10	scaffold15463	83.22	578	60	18	84	642	32254	31695	8e-141	496
comp142672_c0_seq12	scaffold15463	80.49	1502	199	57	84	1534	32254	30796	0.0	1064
comp142672_c0_seq13	scaffold15463	92.41	290	20	2	585	872	32250	31961	8e-116	412
comp142672_c0_seq14	scaffold15463	92.31	286	20	2	16	299	32246	31961	4e-114	405
comp142672_c0_seq15	scaffold26960	85.33	225	30	2	1	223	3924	3701	2e-61	230
comp142672_c0_seq2	scaffold15463	80.58	1493	198	55	16	1458	32246	30796	0.0	1066
comp142672_c0_seq3	scaffold15463	79.91	1498	193	65	586	2016	32253	30797	0.0	1000
comp142672_c0_seq4	scaffold15463	80.61	1501	198	56	586	2036	32253	30796	0.0	1074
comp142672_c0_seq5	scaffold15463	87.73	163	17	3	70	231	32431	32271	2e-48	187
comp142672_c0_seq6	scaffold15463	80.04	1493	194	62	16	1446	32246	30796	0.0	1011
comp142672_c0_seq7	scaffold15463	91.86	295	20	4	84	375	32254	31961	4e-115	409
comp142672_c0_seq8	scaffold15463	83.36	577	60	17	586	1144	32253	31695	3e-142	501
comp142672_c0_seq9	scaffold15463	80.03	1502	194	64	84	1522	32254	30796	0.0	1014
comp142674_c1_seq3	scaffold45727	83.33	228	29	3	162	380	62782	63009	8e-53	202
comp142674_c1_seq4	scaffold45727	83.18	220	28	5	783	1002	62759	62969	1e-49	193
comp142674_c1_seq7	scaffold45727	80.54	257	31	9	326	572	62782	63029	6e-46	180
comp142713_c0_seq5	scaffold32578	81.90	221	36	3	1	218	27710	27491	2e-47	183
comp142729_c0_seq2	scaffold20302	92.31	156	11	1	1	155	32019	31864	1e-58	220
comp142729_c0_seq8	scaffold20302	86.57	335	43	2	1	333	32042	31708	1e-102	368
comp142775_c2_seq10	scaffold11875	77.73	458	76	22	1	446	40932	40489	5e-69	257
comp142775_c2_seq5	scaffold11875	77.73	458	76	22	1	446	40932	40489	4e-69	257
comp142775_c2_seq7	scaffold11875	77.73	458	76	22	1	446	40932	40489	4e-69	257
comp142796_c0_seq1	scaffold34940	87.85	181	22	0	98	278	86065	86245	3e-56	213
comp142796_c0_seq1	scaffold34940	86.13	173	24	0	98	270	86226	86398	2e-48	187
comp142796_c0_seq1	scaffold34940	89.04	146	13	2	110	253	86544	86688	1e-45	178
comp142796_c0_seq2	scaffold34940	88.73	142	8	3	1	134	86813	86954	2e-42	167
comp142796_c0_seq3	scaffold34940	85.05	194	26	2	114	305	86544	86736	1e-50	195
comp142796_c0_seq4	scaffold34940	88.36	146	14	2	114	257	86544	86688	6e-44	172
comp142807_c1_seq1	scaffold45727	91.16	147	12	1	1	147	30628	30483	2e-51	198
comp142807_c1_seq2	scaffold45727	91.55	142	11	1	1	142	30628	30488	8e-51	195
comp142816_c0_seq11	scaffold26337	94.51	164	8	1	1	163	173	336	1e-67	252
comp142816_c0_seq2	scaffold26337	94.51	164	8	1	1	163	173	336	1e-67	252
comp142820_c1_seq1	scaffold15463	84.03	595	51	18	1284	1876	85593	86145	1e-151	532
comp142862_c0_seq1	scaffold15463	86.42	324	33	5	984	1304	24670	24355	5e-95	344
comp142862_c0_seq2	scaffold30278	85.88	262	28	7	897	1155	288	33	8e-73	270
comp142862_c0_seq3	scaffold30278	85.50	262	29	6	876	1134	288	33	4e-71	265
comp142862_c0_seq4	scaffold30278	86.44	295	30	9	876	1167	288	1	3e-86	315
comp142943_c0_seq1	scaffold30278	87.28	173	19	3	1227	1397	71487	71316	5e-50	195
comp142943_c0_seq3	scaffold30278	87.28	173	19	3	1216	1386	71487	71316	5e-50	195
comp143001_c0_seq1	scaffold27692	92.06	189	15	0	88	276	51984	51796	2e-72	267
comp143001_c0_seq2	scaffold3071	88.67	450	45	5	880	1327	32968	33413	7e-155	544
comp143001_c0_seq3	scaffold3071	88.67	450	45	5	885	1332	32968	33413	5e-155	544
comp143038_c1_seq1	scaffold30278	83.40	247	23	11	363	605	90984	91216	2e-55	213
comp143038_c1_seq2	scaffold30278	83.41	223	21	10	364	584	90984	91192	9e-50	193
comp143048_c1_seq1	scaffold27692	86.94	222	25	3	893	1112	39572	39353	2e-65	246
comp143048_c1_seq10	scaffold27692	82.65	340	38	13	935	1255	39572	39235	3e-76	281
comp143048_c1_seq11	scaffold27692	86.94	222	25	3	915	1134	39572	39353	2e-65	246
comp143048_c1_seq13	scaffold27692	82.65	340	38	13	893	1213	39572	39235	3e-76	281
comp143048_c1_seq14	scaffold27692	82.65	340	38	13	915	1235	39572	39235	3e-76	281
comp143048_c1_seq15	scaffold27692	82.65	340	38	13	873	1193	39572	39235	3e-76	281
comp143048_c1_seq3	scaffold27692	86.94	222	25	3	889	1108	39572	39353	2e-65	246
comp143048_c1_seq4	scaffold27692	86.94	222	25	3	931	1150	39572	39353	2e-65	246
comp143048_c1_seq5	scaffold27692	86.94	222	25	3	935	1154	39572	39353	2e-65	246
comp143048_c1_seq6	scaffold27692	82.65	340	38	13	889	1209	39572	39235	3e-76	281
comp143048_c1_seq7	scaffold27692	82.65	340	38	13	931	1251	39572	39235	3e-76	281
comp143048_c1_seq8	scaffold27692	86.94	222	25	3	873	1092	39572	39353	2e-65	246
comp143080_c0_seq2	scaffold18558	82.79	244	34	7	11	250	61599	61838	8e-56	211
comp143080_c0_seq3	scaffold18558	82.14	224	34	6	1076	1296	61618	61838	8e-48	187
comp143089_c0_seq15	scaffold32578	82.64	409	48	13	35	425	43730	44133	4e-94	340
comp143089_c0_seq16	scaffold32578	82.49	457	51	15	1	433	43682	44133	4e-104	374
comp143089_c0_seq2	scaffold32578	82.89	409	47	13	35	425	43730	44133	8e-96	346
comp143089_c0_seq3	scaffold32578	82.49	457	51	15	1	433	43682	44133	4e-104	374
comp143089_c0_seq5	scaffold32578	82.64	409	48	13	35	425	43730	44133	4e-94	340
comp143089_c0_seq6	scaffold32578	82.49	457	51	15	1	433	43682	44133	4e-104	374
comp143089_c0_seq8	scaffold32578	82.49	457	51	15	1	433	43682	44133	4e-104	374
comp143089_c0_seq9	scaffold32578	82.64	409	48	13	35	425	43730	44133	4e-94	340
comp143118_c1_seq1	scaffold59644	94.64	112	6	0	294	405	56395	56506	2e-44	174
comp143118_c1_seq2	scaffold59644	91.46	246	20	1	771	1016	56395	56639	1e-92	337
comp143118_c1_seq3	scaffold59644	84.60	435	46	15	771	1204	56395	56809	1e-115	412
comp143160_c1_seq1	scaffold4463	84.57	188	27	1	1241	1426	13333	13146	9e-47	185
comp143160_c1_seq10	scaffold4463	86.11	180	22	2	1237	1414	13324	13146	1e-48	191
comp143160_c1_seq6	scaffold4463	86.11	180	22	2	1237	1414	13324	13146	2e-48	191
comp143177_c0_seq1	scaffold30278	89.85	335	28	3	63	396	639	310	5e-120	425
comp143177_c0_seq2	scaffold30278	89.05	402	32	6	736	1135	639	248	2e-138	488
comp143177_c0_seq2	scaffold30278	89.67	300	22	7	370	669	934	644	5e-104	374
comp143177_c0_seq3	scaffold30278	88.65	229	21	5	4	231	934	710	1e-74	274
comp143177_c0_seq4	scaffold30278	86.44	413	33	13	736	1146	639	248	3e-121	431
comp143177_c0_seq4	scaffold30278	89.67	300	22	7	370	669	934	644	5e-104	374
comp143177_c0_seq5	scaffold30278	88.57	280	23	7	370	649	934	664	2e-91	331
comp143214_c0_seq20	scaffold71773	87.50	184	18	4	1	183	73938	73759	9e-55	207
comp143214_c0_seq25	scaffold71773	87.44	207	20	5	1	206	73938	73737	2e-62	233
comp143238_c0_seq2	scaffold15463	84.00	250	37	3	3	252	80414	80660	1e-63	237
comp143246_c0_seq1	scaffold27692	94.19	327	16	2	14	340	75477	75800	5e-141	496
comp143246_c0_seq2	scaffold27692	94.19	327	16	2	14	340	75477	75800	4e-141	496
comp143246_c0_seq3	scaffold27692	93.88	327	17	2	14	340	75477	75800	3e-139	490
comp143459_c3_seq1	scaffold45727	93.45	275	16	2	565	839	69537	69265	4e-114	407
comp143459_c3_seq10	scaffold45727	93.45	275	16	2	553	827	69537	69265	4e-114	407
comp143459_c3_seq11	scaffold45727	93.45	275	16	2	394	668	69537	69265	3e-114	407
comp143459_c3_seq8	scaffold45727	93.21	265	16	2	393	657	69527	69265	1e-108	388
comp143506_c1_seq1	scaffold30278	87.14	241	28	3	625	863	61211	61450	7e-73	270
comp143506_c1_seq1	scaffold30278	88.17	169	19	1	397	564	61038	61206	9e-52	200
comp143506_c1_seq3	scaffold30278	87.14	241	28	3	612	850	61211	61450	6e-73	270
comp143506_c1_seq3	scaffold30278	88.17	169	19	1	384	551	61038	61206	9e-52	200
comp143506_c1_seq9	scaffold30278	87.14	241	28	3	559	797	61211	61450	6e-73	270
comp143506_c1_seq9	scaffold30278	88.17	169	19	1	331	498	61038	61206	8e-52	200
comp143542_c0_seq1	scaffold32578	80.08	236	39	8	2	233	54680	54449	5e-43	169
comp143659_c2_seq1	scaffold9504	88.30	641	48	7	29	652	67911	68541	0.0	743
comp143659_c2_seq1	scaffold9504	94.55	202	11	0	624	825	68546	68747	8e-86	313
comp143659_c2_seq5	scaffold9504	90.09	323	25	2	1	316	68775	69097	4e-116	412
comp143659_c2_seq7	scaffold9504	90.85	142	7	2	32	167	68637	68778	5e-48	185
comp143659_c2_seq8	scaffold9504	88.30	641	48	7	29	652	67911	68541	0.0	743
comp143659_c2_seq8	scaffold9504	93.98	133	8	0	624	756	68546	68678	2e-52	202
comp143719_c1_seq1	scaffold5354	92.33	378	16	3	269	646	22099	22463	2e-149	525
comp143728_c1_seq1	scaffold4463	86.13	1125	97	28	1	1095	22009	20914	0.0	1158
comp143728_c1_seq1	scaffold4463	89.65	425	34	3	1381	1805	20604	20190	1e-151	532
comp143728_c1_seq2	scaffold4463	86.40	1125	95	27	1	1096	22009	20914	0.0	1177
comp143728_c1_seq3	scaffold4463	86.04	1125	97	29	1	1094	22009	20914	0.0	1153
comp143756_c0_seq2	scaffold26337	81.42	732	115	18	80	793	122016	121288	2e-165	579
comp143756_c0_seq3	scaffold26337	81.42	732	115	18	80	793	122016	121288	2e-165	579
comp143759_c1_seq1	scaffold26337	80.92	676	91	15	234	891	114242	113587	9e-142	499
comp143759_c1_seq2	scaffold26337	80.92	676	91	15	234	891	114242	113587	9e-142	499
comp143759_c1_seq3	scaffold26337	79.49	551	66	19	234	757	114242	113712	2e-96	348
comp143759_c1_seq5	scaffold26337	81.14	546	78	10	1	540	114163	113637	1e-116	414
comp143759_c1_seq8	scaffold26337	82.44	353	44	5	23	374	114230	113895	5e-80	292
comp143786_c0_seq1	scaffold31723	83.56	298	37	2	1154	1439	41185	41482	3e-72	268
comp143786_c0_seq3	scaffold31723	83.56	298	37	2	1192	1477	41185	41482	3e-72	268
comp143786_c0_seq5	scaffold31723	83.56	298	37	2	708	993	41185	41482	2e-72	268
comp143786_c0_seq6	scaffold31723	83.56	298	37	2	746	1031	41185	41482	2e-72	268
comp143851_c1_seq1	scaffold26960	76.62	1604	241	68	86	1640	77664	76146	0.0	761
comp143851_c1_seq2	scaffold26960	76.68	1604	240	68	26	1580	77664	76146	0.0	767
comp143851_c1_seq3	scaffold20302	90.93	397	21	4	112	494	185	580	5e-148	520
comp143851_c1_seq4	scaffold20302	90.93	397	21	4	52	434	185	580	4e-148	520
comp143948_c0_seq1	scaffold9504	87.74	563	47	9	191	734	78777	79336	0.0	638
comp143948_c0_seq10	scaffold9504	95.61	114	3	1	1041	1152	78784	78897	3e-46	182
comp143948_c0_seq11	scaffold9504	90.83	567	39	9	216	773	78777	79339	0.0	747
comp143948_c0_seq12	scaffold9504	90.89	560	39	8	1041	1592	78784	79339	0.0	741
comp143948_c0_seq2	scaffold9504	91.48	364	23	5	216	573	78777	79138	2e-140	494
comp143948_c0_seq3	scaffold9504	90.48	567	42	8	1041	1598	78784	79347	0.0	737
comp143948_c0_seq4	scaffold9504	87.77	556	47	8	1041	1578	78784	79336	0.0	630
comp143948_c0_seq6	scaffold9504	90.42	574	42	9	216	779	78777	79347	0.0	743
comp143948_c0_seq7	scaffold9504	91.60	357	23	4	1041	1392	78784	79138	8e-138	486
comp143948_c0_seq8	scaffold9504	95.04	121	3	2	216	333	78777	78897	2e-48	187
comp143964_c0_seq1	scaffold27692	92.09	493	30	5	2	492	72855	72370	0.0	686
comp143964_c0_seq2	scaffold27692	89.30	271	21	3	1	270	73104	72841	2e-92	333
comp143964_c0_seq3	scaffold27692	91.38	893	66	7	2	891	72855	71971	0.0	1212
comp144079_c1_seq1	scaffold4463	88.62	334	23	8	30	353	3368	3696	5e-110	392
comp144079_c1_seq10	scaffold4463	84.62	598	47	18	212	770	3160	3751	4e-158	553
comp144079_c1_seq2	scaffold4463	88.03	351	27	8	30	370	3368	3713	8e-113	401
comp144079_c1_seq4	scaffold4463	88.24	187	22	0	121	307	3163	3349	1e-59	224
comp144079_c1_seq5	scaffold4463	84.59	558	43	17	212	730	3160	3713	2e-146	514
comp144079_c1_seq6	scaffold4463	87.63	558	46	9	212	750	3160	3713	2e-180	627
comp144079_c1_seq7	scaffold4463	83.48	351	23	16	30	350	3368	3713	1e-80	294
comp144079_c1_seq8	scaffold4463	87.43	541	45	9	212	733	3160	3696	2e-172	601
comp144079_c1_seq9	scaffold4463	83.63	391	27	17	30	390	3368	3751	3e-92	333
comp144147_c0_seq1	scaffold4463	89.88	168	8	3	28	191	18658	18496	9e-55	207
comp144147_c1_seq1	scaffold4463	96.27	241	9	0	1347	1587	18221	18461	2e-110	396
comp144147_c1_seq2	scaffold4463	96.68	241	8	0	991	1231	18221	18461	3e-112	401
comp144243_c1_seq1	scaffold19489	87.12	629	64	6	712	1334	19851	20468	0.0	697
comp144243_c1_seq1	scaffold19489	88.95	172	17	2	1386	1557	20475	20644	6e-55	211
comp144243_c1_seq2	scaffold19489	87.74	628	61	5	725	1346	19851	20468	0.0	719
comp144243_c1_seq3	scaffold19489	87.74	628	61	5	712	1333	19851	20468	0.0	719
comp144243_c1_seq4	scaffold19489	85.60	375	47	2	20	393	20100	20468	2e-108	387
comp144243_c1_seq6	scaffold19489	87.12	629	64	6	725	1347	19851	20468	0.0	697
comp144243_c1_seq6	scaffold19489	88.95	172	17	2	1399	1570	20475	20644	6e-55	211
comp144243_c1_seq7	scaffold19489	85.60	375	47	2	20	393	20100	20468	3e-108	387
comp144243_c1_seq7	scaffold19489	88.95	172	17	2	445	616	20475	20644	2e-55	211
comp144253_c0_seq5	scaffold11875	90.88	340	28	3	2768	3105	32817	32479	2e-127	453
comp144253_c0_seq6	scaffold11875	92.48	266	17	3	2764	3027	32817	32553	1e-104	377
comp144253_c0_seq8	scaffold11875	95.28	127	5	1	9	135	31356	31231	2e-52	200
comp144253_c0_seq9	scaffold11875	94.88	215	11	0	3637	3851	31453	31239	2e-92	337
comp144253_c0_seq9	scaffold11875	89.47	266	17	4	2764	3019	32817	32553	5e-89	326
comp144266_c0_seq2	scaffold59644	88.42	587	37	12	3881	4466	15509	14953	0.0	678
comp144266_c0_seq3	scaffold59644	88.42	587	37	12	3881	4466	15509	14953	0.0	678
comp144266_c0_seq3	scaffold59644	79.84	367	55	11	4438	4794	10288	9931	5e-66	250
comp144266_c0_seq3	scaffold59644	80.77	338	40	12	4305	4634	11051	10731	3e-63	241
comp144297_c0_seq2	scaffold71773	96.35	137	1	1	3538	3674	9695	9827	6e-58	222
comp144297_c0_seq3	scaffold71773	99.23	390	3	0	2	391	9370	9759	0.0	704
comp144306_c0_seq12	scaffold10970	87.01	385	40	4	1337	1721	8382	8756	4e-119	425
comp144306_c0_seq2	scaffold10970	87.01	385	40	4	1324	1708	8382	8756	4e-119	425
comp144306_c0_seq3	scaffold31723	82.47	308	20	19	27	329	37222	36944	5e-64	239
comp144306_c0_seq5	scaffold10970	87.01	385	40	4	1337	1721	8382	8756	4e-119	425
comp144306_c0_seq6	scaffold10970	87.01	385	40	4	1324	1708	8382	8756	4e-119	425
comp144306_c0_seq7	scaffold10970	87.01	385	40	4	1311	1695	8382	8756	3e-119	425
comp144306_c0_seq9	scaffold10970	87.01	385	40	4	1324	1708	8382	8756	3e-119	425
comp144313_c0_seq1	scaffold4463	98.07	259	2	3	1683	1940	18911	18655	5e-126	448
comp144323_c1_seq3	scaffold71773	85.71	196	25	1	1114	1306	23961	24156	9e-53	204
comp144323_c1_seq6	scaffold71773	85.20	196	26	1	1070	1262	23961	24156	4e-51	198
comp144335_c2_seq1	scaffold15463	86.64	232	19	2	334	553	61898	62129	3e-65	246
comp144335_c2_seq11	scaffold15463	86.67	225	18	2	334	546	61898	62122	2e-63	239
comp144335_c2_seq13	scaffold15463	86.67	225	18	2	326	538	61898	62122	1e-63	239
comp144335_c2_seq17	scaffold15463	86.61	224	18	2	100	311	61899	62122	4e-63	237
comp144335_c2_seq2	scaffold15463	86.61	224	18	2	100	311	61899	62122	3e-63	237
comp144335_c2_seq6	scaffold15463	86.58	231	19	2	100	318	61899	62129	1e-64	244
comp144335_c2_seq7	scaffold15463	91.10	146	13	0	10	155	61977	62122	2e-51	198
comp144335_c2_seq8	scaffold15463	91.10	146	13	0	10	155	61977	62122	1e-51	198
comp144335_c2_seq9	scaffold15463	90.85	153	14	0	10	162	61977	62129	5e-53	206
comp144356_c3_seq2	scaffold5354	81.46	480	72	10	742	1212	37254	36783	5e-105	377
comp144356_c3_seq3	scaffold5354	81.28	545	83	9	737	1270	37254	36718	7e-119	424
comp144356_c3_seq5	scaffold5354	81.28	545	83	9	737	1270	37254	36718	7e-119	424
comp144356_c3_seq6	scaffold5354	81.88	480	70	7	742	1212	37254	36783	2e-108	388
comp144358_c0_seq1	scaffold71773	91.57	249	10	4	15	263	63642	63405	8e-92	333
comp144358_c0_seq1	scaffold71773	84.21	228	24	6	20	239	60437	60214	4e-55	211
comp144358_c1_seq4	scaffold5354	95.00	180	6	1	1	177	60490	60669	2e-76	279
comp144358_c1_seq4	scaffold5354	91.52	165	14	0	9	173	18410	18246	7e-61	228
comp144358_c1_seq4	scaffold5354	95.93	123	5	0	51	173	2218	2096	2e-52	200
comp144373_c1_seq1	scaffold71773	90.54	148	13	1	99	246	36768	36622	1e-50	195
comp144373_c1_seq2	scaffold71773	83.58	542	55	21	955	1486	70006	69489	5e-135	477
comp144373_c1_seq2	scaffold71773	91.43	140	11	1	1182	1321	36768	36630	7e-49	191
comp144373_c1_seq6	scaffold71773	91.67	132	10	1	1182	1313	36768	36638	4e-46	182
comp144400_c0_seq1	scaffold59644	87.92	149	17	1	3139	3287	66064	65917	2e-43	174
comp144425_c0_seq6	scaffold15463	83.83	402	43	11	5	386	14599	14998	4e-101	363
comp144425_c0_seq7	scaffold10970	89.81	216	22	0	1	216	57791	57576	7e-76	278
comp144425_c1_seq1	scaffold26960	83.13	498	61	13	1	484	52849	52361	5e-122	433
comp144425_c1_seq2	scaffold26960	82.52	429	55	10	17	433	52781	52361	8e-100	359
comp144436_c0_seq1	scaffold27692	80.34	290	42	10	16	291	30634	30346	1e-53	206
comp144436_c0_seq2	scaffold27692	81.82	286	37	10	460	731	30630	30346	2e-59	226
comp144459_c1_seq1	scaffold20302	95.97	124	5	0	18	141	71015	70892	9e-53	202
comp144459_c1_seq4	scaffold71773	89.78	137	10	4	4	138	69499	69365	5e-44	172
comp144459_c1_seq5	scaffold20302	95.16	124	6	0	18	141	71015	70892	7e-51	196
comp144520_c0_seq1	scaffold4463	84.23	260	35	6	3000	3255	95805	95548	1e-65	248
comp144520_c0_seq2	scaffold4463	84.71	255	33	6	3000	3250	95805	95553	3e-66	250
comp144524_c1_seq1	scaffold5354	87.14	241	21	6	906	1137	3237	3476	3e-71	265
comp144524_c1_seq2	scaffold27692	94.10	458	12	2	910	1366	34617	35060	0.0	682
comp144524_c1_seq3	scaffold27692	94.10	458	12	2	910	1366	34617	35060	0.0	682
comp144524_c1_seq4	scaffold27692	94.10	458	12	2	910	1366	34617	35060	0.0	682
comp144524_c1_seq5	scaffold27692	94.10	458	12	2	910	1366	34617	35060	0.0	682
comp144524_c1_seq6	scaffold27692	94.09	457	12	2	910	1365	34617	35059	0.0	680
comp144524_c1_seq7	scaffold5354	91.39	151	12	1	69	218	3240	3390	4e-54	206
comp144595_c0_seq2	scaffold20302	92.52	321	21	3	179	496	11582	11902	2e-129	457
comp144595_c0_seq4	scaffold20302	90.91	462	32	8	391	843	11582	12042	1e-175	612
comp144595_c0_seq6	scaffold20302	90.69	462	33	8	595	1047	11582	12042	7e-174	606
comp145511_c0_seq1	scaffold9504	87.45	231	18	10	4	226	65566	65793	3e-69	255
comp149376_c0_seq1	scaffold15463	85.09	161	20	4	1	159	51386	51228	7e-41	161
comp151482_c0_seq1	scaffold30278	98.85	262	2	1	1	261	83116	83377	2e-132	466
comp151702_c0_seq1	scaffold10970	91.59	226	18	1	1	226	35181	35405	7e-86	311
comp151702_c0_seq1	scaffold10970	90.32	186	18	0	7	192	58742	58557	8e-66	244
comp153846_c0_seq1	scaffold4463	100.00	203	0	0	1	203	39632	39430	2e-105	375
comp154944_c0_seq1	scaffold3071	88.21	229	25	1	11	237	31597	31825	4e-74	272
comp155034_c0_seq1	scaffold18558	82.84	268	36	5	1	261	9532	9268	7e-62	231
comp155456_c0_seq1	scaffold59644	100.00	289	0	0	1	289	1863	1575	5e-153	534
comp155464_c0_seq1	scaffold18558	100.00	209	0	0	1	209	41194	40986	1e-108	387
comp157102_c0_seq1	scaffold20302	100.00	227	0	0	1	227	65557	65783	1e-118	420
comp158363_c0_seq1	scaffold59644	98.55	207	3	0	1	207	4255	4049	1e-102	366
comp159079_c0_seq1	scaffold59644	98.72	313	4	0	1	313	3707	4019	1e-159	556
comp159108_c0_seq1	scaffold5354	94.40	232	13	0	5	236	28802	29033	1e-99	357
comp20881_c0_seq1	scaffold71773	98.28	290	5	0	1	290	43717	44006	3e-145	508
comp21083_c0_seq1	scaffold10970	89.00	209	20	3	4	210	63981	63774	3e-69	255
comp23824_c0_seq1	scaffold59644	98.46	195	2	1	1	194	25080	25274	3e-95	342
comp29409_c0_seq1	scaffold71773	99.34	304	2	0	1	304	9899	10202	5e-158	551
comp3270_c0_seq1	scaffold26337	88.93	244	9	5	3	233	107707	107469	5e-78	285
comp34154_c0_seq1	scaffold34940	100.00	170	0	0	128	297	20167	20336	8e-87	315
comp34154_c0_seq1	scaffold34940	100.00	128	0	0	1	128	1994	2121	2e-63	237
comp34406_c0_seq1	scaffold34940	94.87	117	6	0	89	205	4899	4783	1e-47	183
comp37943_c0_seq1	scaffold18558	96.84	285	9	0	1	285	46801	47085	9e-136	477
comp38171_c0_seq1	scaffold18558	91.25	160	12	2	19	177	3334	3176	2e-57	217
comp38418_c0_seq1	scaffold9504	92.35	170	6	2	60	225	62981	62815	5e-63	235
comp39455_c0_seq1	scaffold9504	92.64	163	7	4	2	161	63753	63593	2e-61	230
comp4044_c0_seq1	scaffold30278	100.00	148	0	0	78	225	89561	89414	1e-74	274
comp4044_c0_seq1	scaffold30278	100.00	90	0	0	221	310	87056	86967	2e-42	167
comp41930_c0_seq1	scaffold15463	87.66	235	21	3	1	234	79586	79359	2e-72	267
comp42223_c0_seq1	scaffold59644	100.00	222	0	0	1	222	12616	12395	7e-116	411
comp44795_c0_seq1	scaffold18558	88.95	181	14	5	71	247	9905	9727	5e-58	219
comp45358_c0_seq1	scaffold4463	85.31	177	23	3	1	176	60598	60424	4e-46	180
comp46153_c0_seq1	scaffold59644	100.00	290	0	0	1	290	22293	22004	1e-153	536
comp46193_c0_seq1	scaffold71773	99.71	681	2	0	1	681	12587	13267	0.0	1247
comp4753_c0_seq1	scaffold4463	98.03	254	1	1	1	250	13622	13369	4e-124	438
comp49606_c0_seq1	scaffold15463	91.03	301	22	3	6	302	87032	86733	6e-113	401
comp52977_c0_seq1	scaffold71773	99.12	340	3	0	1	340	11454	11115	3e-176	612
comp53335_c0_seq1	scaffold18558	100.00	593	0	0	1	593	45799	45207	0.0	1096
comp56320_c1_seq1	scaffold59644	100.00	279	0	0	1	279	20845	20567	2e-147	516
comp59406_c0_seq1	scaffold59644	97.06	238	1	1	1	238	7922	7691	2e-111	396
comp59406_c1_seq1	scaffold59644	99.79	472	1	0	1	472	8442	7971	0.0	867
comp65199_c0_seq1	scaffold59644	79.76	247	42	8	1	241	55428	55184	6e-44	172
comp67951_c0_seq1	scaffold4463	99.72	354	1	0	1	354	14150	13797	0.0	649
comp68733_c0_seq1	scaffold26337	84.82	191	26	1	43	230	40610	40420	4e-49	189
comp69309_c0_seq1	scaffold15463	88.51	174	20	0	28	201	75815	75642	7e-56	211
comp69839_c0_seq1	scaffold59644	88.64	132	15	0	33	164	12797	12928	8e-41	161
comp71496_c0_seq1	scaffold9504	87.38	214	18	6	1	214	66586	66382	1e-63	237
comp72193_c0_seq1	scaffold71773	100.00	253	0	0	1	253	34095	34347	5e-133	468
comp76067_c0_seq1	scaffold71773	97.67	344	7	1	32	374	27511	27168	1e-169	590
comp76252_c0_seq1	scaffold71773	99.61	257	0	1	1	257	42570	42825	5e-133	468
comp77415_c0_seq1	scaffold10970	83.11	367	45	10	6	363	14956	15314	7e-88	318
comp78112_c1_seq1	scaffold32578	87.90	314	38	0	1	314	51007	51320	2e-103	370
comp78112_c1_seq1	scaffold32578	87.70	317	36	2	1	314	57886	58202	2e-102	366
comp78644_c0_seq1	scaffold18558	99.64	278	1	0	1	278	44180	44457	3e-145	508
comp80966_c0_seq1	scaffold27692	82.30	226	32	6	47	265	57857	58081	5e-49	189
comp84433_c0_seq1	scaffold18558	98.46	195	3	0	1	195	40727	40921	6e-96	344
comp85469_c1_seq1	scaffold30278	89.05	137	13	2	39	173	90409	90273	5e-43	169
comp8601_c0_seq1	scaffold34940	91.13	248	20	2	2	248	3950	3704	5e-93	335
comp86220_c0_seq1	scaffold10970	81.71	421	51	12	1	412	66149	65746	1e-90	327
comp86416_c0_seq1	scaffold32578	99.34	152	1	0	57	208	52379	52228	2e-75	276
comp88003_c0_seq1	scaffold32578	99.14	233	2	0	1	233	52041	51809	1e-118	420
comp88126_c0_seq1	scaffold10970	88.27	162	19	0	58	219	63866	63705	7e-51	195
comp88126_c0_seq2	scaffold10970	87.68	203	24	1	4	206	63906	63705	4e-63	235
comp88862_c0_seq1	scaffold10970	82.13	235	28	7	5	238	64196	63975	4e-49	189
comp89762_c0_seq1	scaffold26337	91.03	301	24	1	1	298	106466	106766	2e-113	403
comp91577_c0_seq1	scaffold26337	89.55	268	25	3	1	266	107014	106748	2e-93	337
comp91633_c0_seq1	scaffold34940	91.03	290	26	0	125	414	5763	5474	6e-110	392
comp91913_c0_seq1	scaffold19489	84.87	238	29	4	1	235	58363	58596	2e-62	233
comp92036_c0_seq1	scaffold34940	91.78	292	23	1	4	294	4809	4518	5e-114	405
comp92036_c0_seq2	scaffold34940	92.55	349	26	0	17	365	4748	4400	9e-143	501
comp92036_c0_seq3	scaffold34940	92.21	231	17	1	17	246	4748	4518	4e-90	326
comp92036_c0_seq4	scaffold34940	92.20	410	32	0	4	413	4809	4400	1e-166	580
comp94787_c0_seq1	scaffold34940	92.06	277	15	6	1	274	3994	4266	2e-107	383
comp97263_c0_seq1	scaffold26960	88.81	143	16	0	377	519	27908	28050	7e-45	176
comp98156_c1_seq1	scaffold15463	86.79	159	17	3	113	269	32271	32427	1e-44	174
comp98240_c0_seq1	scaffold20302	85.84	226	21	7	1	221	11981	11762	2e-61	230
